99853324
510268
-4935
0
-4939
-7
-4935
-17
-4940
18
-4939
0
-4938
-3
-4938
-7
-4940
0
-4939
3
-4942
-9
-4940
-10
-4938
2
-4942
7
-4937
9
-4942
4
-4938
0
-4939
-2
-4940
-14
-4942
-14
-4941
1
-4940
-7
-4939
2
-4939
-15
-4938
-8
-4937
-1
-4938
-7
-4941
-10
-4936
0
-4939
-8
-4938
-2
-4938
-3
-4937
-3
-4940
-8
-4939
-2
-4940
1
-4940
-3
-4936
-21
-4937
-8
-4940
-5
-4939
-7
-4940
-15
-4939
6
-4935
-3
-4936
-6
-4939
-4
-4940
-3
-4935
8
-4935
-15
-4936
-7
-4939
-11
-4941
-8
-4940
-2
-4941
3
-4940
2
-4938
-7
-4938
-2
-4940
-13
-4939
-5
-4937
1
-4939
-4
-4940
-21
-4938
-9
-4938
-4
-4938
-12
-4939
7
-4939
-12
-4939
-15
-4937
-1
-4939
-5
-4940
-7
-4938
-13
-4938
-14
-4936
-22
-4938
-2
-4937
-7
-4940
-6
-4940
-3
-4938
-18
-4939
8
-4940
-6
-4939
-4
-4937
-3
-4937
-11
-4939
-20
-4942
-7
-4937
-18
-4941
4
-4937
-23
-4938
-4
-4938
-16
-4939
11
-4937
-25
-4935
-3
-4937
9
-4937
-28
-4940
-2
-4939
12
-4939
-4
-4938
7
-4938
-13
-4940
-4
-4941
-15
-4936
-11
-4940
6
-4938
3
-4937
9
-4939
0
-4941
4
-4940
-14
-4937
-7
-4939
0
-4938
-2
-4939
-2
-4938
-12
-4941
-21
-4938
-1
-4936
-10
-4940
-12
-4938
-19
-4937
-17
-4940
-8
-4938
-1
-4939
-7
-4939
7
-4939
2
-4938
-8
-4937
4
-4939
-14
-4937
-10
-4938
9
-4936
-5
-4938
2
-4939
-6
-4938
-6
-4937
-7
-4937
-10
-4936
-6
-4940
1
-4938
5
-4935
6
-4938
-19
-4940
-9
-4939
-4
-4940
-3
-4934
-2
-4941
-6
-4940
-4
-4939
-3
-4938
-13
-4940
-18
-4940
-18
-4936
-8
-4939
-4
-4937
-1
-4940
3
-4942
-1
-4939
-4
-4938
-6
-4939
3
-4939
-3
-4938
4
-4938
-12
-4939
-6
-4939
-5
-4940
-11
-4939
-5
-4938
-5
-4938
3
-4940
-3
-4942
2
-4940
-1
-4939
-3
-4939
-8
-4939
7
-4940
1
-4940
-10
-4941
2
-4940
-7
-4939
-18
-4938
-1
-4937
-4
-4940
-2
-4941
-11
-4940
9
-4940
-7
-4935
-4
-4935
7
-4937
-6
-4939
10
-4939
2
-4938
-7
-4941
3
-4940
15
-4941
0
-4937
-5
-4937
-13
-4939
2
-4937
-3
-4939
2
-4937
4
-4938
2
-4938
-11
-4938
-10
-4937
-11
-4938
-16
-4938
-7
-4941
6
-4938
2
-4939
1
-4941
-15
-4940
-10
-4939
4
-4938
-6
-4940
-16
-4939
-13
-4937
-15
-4936
-7
-4939
8
-4940
2
-4940
-12
-4939
-3
-4938
-12
-4939
1
-4937
-20
-4937
-12
-4939
-12
-4939
1
-4939
-11
-4938
-4
-4938
7
-4939
-10
-4936
-2
-4940
0
-4936
-9
-4940
-1
-4939
-12
-4938
-10
-4937
-11
-4938
8
-4940
5
-4938
17
-4938
-2
-4937
-10
-4939
-12
-4939
1
-4941
-3
-4937
-1
-4941
-4
-4941
-10
-4939
8
-4939
-1
-4939
7
-4939
10
-4941
-8
-4940
-1
-4938
6
-4937
-8
-4939
-18
-4937
-5
-4941
-10
-4938
1
-4941
4
-4941
2
-4937
5
-4936
-8
-4938
-8
-4938
-17
-4940
-12
-4939
0
-4940
4
-4942
-6
-4939
9
-4936
4
-4940
-19
-4941
0
-4937
-3
-4938
-2
-4936
1
-4936
6
-4934
-6
-4937
0
-4935
-13
-4940
-7
-4937
-3
-4940
-5
-4939
-5
-4939
1
-4937
-2
-4937
7
-4937
-5
-4935
-6
-4938
1
-4937
2
-4938
5
-4936
-9
-4938
-10
-4939
-1
-4939
3
-4938
5
-4938
-7
-4938
2
-4940
1
-4937
-2
-4937
-8
-4939
-1
-4939
-3
-4939
-1
-4938
-11
-4941
2
-4939
0
-4938
-4
-4938
-7
-4935
3
-4938
-3
-4939
-3
-4942
4
-4938
-6
-4937
-2
-4938
-8
-4937
1
-4940
4
-4938
12
-4939
-2
-4940
-8
-4939
3
-4937
-8
-4935
7
-4936
-14
-4936
-17
-4938
-6
-4937
0
-4938
-13
-4936
-9
-4937
1
-4935
-7
-4938
-4
-4940
-1
-4938
-3
-4939
-13
-4937
-8
-4939
12
-4941
14
-4938
-9
-4939
1
-4938
-2
-4939
-7
-4939
5
-4938
-12
-4941
-18
-4937
-2
-4939
-10
-4941
7
-4941
-5
-4939
-2
-4937
9
-4939
8
-4938
7
-4939
-19
-4939
6
-4938
-10
-4938
-7
-4937
-8
-4939
1
-4939
-8
-4939
1
-4937
-2
-4937
-12
-4940
5
-4938
-1
-4937
-12
-4938
3
-4939
-8
-4938
-5
-4934
3
-4937
-8
-4934
-11
-4941
-2
-4938
-22
-4941
-18
-4940
-8
-4940
-11
-4935
-1
-4938
12
-4939
13
-4938
2
-4936
8
-4937
9
-4936
4
-4937
3
-4935
2
-4938
-13
-4936
2
-4937
-10
-4937
-1
-4937
6
-4938
-8
-4939
-15
-4936
13
-4939
-12
-4938
-8
-4938
-4
-4941
1
-4943
8
-4941
11
-4938
-14
-4940
-5
-4938
-5
-4938
-7
-4938
1
-4937
-5
-4938
-5
-4938
-8
-4941
-8
-4937
-3
-4935
-16
-4938
-11
-4939
2
-4939
4
-4940
-4
-4938
-3
-4939
-7
-4935
-5
-4935
3
-4940
9
-4942
3
-4936
-4
-4939
2
-4942
1
-4939
-7
-4939
-1
-4942
-4
-4941
-2
-4936
4
-4942
0
-4937
-3
-4938
20
-4938
4
-4940
-5
-4939
-10
-4940
-4
-4936
3
-4941
9
-4937
-9
-4935
0
-4940
-1
-4936
-6
-4937
-2
-4939
-14
-4940
-12
-4940
6
-4937
3
-4941
-9
-4938
-3
-4941
1
-4940
-9
-4939
-1
-4937
-10
-4940
-2
-4938
9
-4938
10
-4939
16
-4938
-8
-4937
-10
-4940
-13
-4938
1
-4941
-6
-4939
-3
-4937
-12
-4936
-2
-4936
13
-4940
-5
-4939
3
-4938
-4
-4940
-1
-4937
1
-4943
-14
-4937
9
-4939
6
-4941
10
-4935
0
-4939
-1
-4940
-15
-4935
-13
-4937
-13
-4941
-13
-4937
-19
-4937
-3
-4943
-6
-4938
-3
-4937
-5
-4940
-14
-4940
-5
-4938
-14
-4940
-10
-4942
7
-4939
14
-4939
-17
-4941
-14
-4940
-11
-4940
-19
-4938
-19
-4942
-15
-4942
-5
-4939
-14
-4936
3
-4939
-9
-4939
-13
-4939
-17
-4937
0
-4937
5
-4936
-4
-4938
4
-4940
-2
-4935
-6
-4938
-6
-4936
3
-4936
8
-4941
-11
-4940
-19
-4937
7
-4939
-9
-4938
-9
-4939
-12
-4941
-12
-4938
-22
-4941
-6
-4941
-14
-4936
-6
-4939
-11
-4934
-15
-4936
-11
-4936
-1
-4935
-3
-4938
-9
-4938
-7
-4938
-3
-4935
0
-4934
-9
-4938
4
-4935
1
-4938
8
-4936
-5
-4935
-8
-4938
-21
-4940
-4
-4937
-11
-4938
-6
-4941
1
-4942
-2
-4936
-12
-4940
-14
-4936
-13
-4935
3
-4936
12
-4937
-4
-4939
0
-4940
-5
-4940
-2
-4943
-1
-4934
8
-4939
-5
-4942
-14
-4941
4
-4936
-7
-4937
-16
-4935
0
-4938
-10
-4940
3
-4937
-4
-4939
-7
-4937
-6
-4940
-6
-4940
-15
-4940
-13
-4937
1
-4938
-8
-4936
-3
-4941
-10
-4937
-10
-4940
-7
-4936
-7
-4941
-5
-4937
-3
-4940
-8
-4939
5
-4940
1
-4939
-3
-4943
-6
-4940
-7
-4939
-10
-4939
-5
-4940
-12
-4941
-2
-4937
-6
-4940
7
-4940
-3
-4936
3
-4941
-12
-4937
-4
-4936
-11
-4941
-1
-4936
11
-4939
-13
-4941
-8
-4936
-11
-4939
-8
-4932
8
-4934
12
-4939
5
-4936
10
-4940
-8
-4939
-1
-4937
-3
-4937
-8
-4940
-4
-4939
16
-4941
4
-4935
-5
-4938
-14
-4924
-3
-4942
1
-4943
-2
-4939
1
-4932
0
-4933
-6
-4940
-2
-4934
1
-4944
-3
-4938
5
-4938
5
-4933
-6
-4934
-9
-4934
-7
-4940
-12
-4938
-5
-4933
8
-4942
6
-4937
9
-4932
-6
-4933
-11
-4933
-7
-4934
2
-4941
3
-4935
-5
-4937
7
-4944
-12
-4934
-5
-4935
-6
-4947
-2
-4943
1
-4939
11
-4934
-20
-4934
-3
-4940
-1
-4940
-6
-4935
6
-4941
13
-4942
1
-4941
-3
-4944
-12
-4946
-4
-4933
-11
-4940
-11
-4944
-9
-4936
-4
-4944
-6
-4932
-9
-4939
-6
-4946
-15
-4950
-13
-4937
-5
-4943
-13
-4926
-14
-4946
-7
-4935
-7
-4929
1
-4934
-12
-4936
-8
-4938
4
-4936
-1
-4940
0
-4944
-15
-4940
-7
-4939
-3
-4939
-8
-4940
2
-4939
7
-4939
-5
-4938
6
-4938
-7
-4939
-9
-4940
-18
-4941
-3
-4940
-5
-4939
-9
-4939
3
-4940
-16
-4938
-6
-4939
-8
-4940
-9
-4937
-1
-4936
-11
-4937
4
-4939
-4
-4939
-23
-4940
0
-4939
-10
-4940
16
-4940
11
-4939
3
-4938
-11
-4939
14
-4941
10
-4938
-11
-4939
-7
-4940
-9
-4940
0
-4939
-5
-4939
-1
-4938
-2
-4936
-7
-4939
-4
-4940
3
-4939
-14
-4940
3
-4940
5
-4939
-11
-4940
0
-4938
-4
-4938
-7
-4939
2
-4939
-12
-4940
-9
-4938
-11
-4940
7
-4938
-17
-4938
2
-4938
-3
-4940
-12
-4938
1
-4939
-8
-4939
-7
-4938
3
-4938
-7
-4938
6
-4937
-5
-4935
-11
-4937
-5
-4937
-5
-4938
7
-4942
2
-4941
0
-4939
-10
-4941
-7
-4939
8
-4940
-8
-4939
4
-4939
9
-4938
-2
-4939
12
-4937
-6
-4940
-13
-4940
-9
-4939
-8
-4938
-10
-4938
1
-4939
13
-4940
-13
-4939
-8
-4939
-1
-4939
-5
-4938
6
-4938
-14
-4939
3
-4938
-10
-4938
2
-4938
0
-4940
4
-4940
-7
-4940
-3
-4939
-1
-4939
1
-4939
2
-4938
-8
-4938
-8
-4939
-15
-4940
-6
-4939
-8
-4940
-19
-4939
-22
-4940
2
-4939
-2
-4939
3
-4936
-1
-4937
-4
-4939
1
-4940
-4
-4942
-6
-4937
-1
-4940
-6
-4939
0
-4940
1
-4938
3
-4938
-13
-4941
10
-4939
-3
-4940
-9
-4939
-10
-4940
-4
-4938
-3
-4939
-13
-4939
-16
-4939
-10
-4938
-13
-4938
10
-4940
-2
-4938
0
-4938
-12
-4940
-1
-4939
0
-4939
-8
-4939
-9
-4939
-6
-4938
-7
-4939
-10
-4938
-8
-4938
-13
-4939
-12
-4939
-6
-4938
-5
-4937
-10
-4940
-13
-4939
2
-4939
-12
-4938
-18
-4938
9
-4940
2
-4941
6
-4939
-25
-4938
-28
-4936
-23
-4938
-8
-4937
-4
-4937
-4
-4938
-2
-4938
-2
-4938
-13
-4938
5
-4938
-11
-4939
-17
-4939
-3
-4937
-3
-4939
-6
-4939
-2
-4937
-9
-4939
-10
-4939
-4
-4939
5
-4939
-1
-4938
-7
-4939
-3
-4939
-11
-4939
-11
-4939
-11
-4939
3
-4938
-7
-4939
-10
-4939
-14
-4940
-9
-4939
-5
-4939
-5
-4940
-7
-4939
-9
-4938
-9
-4940
-9
-4939
3
-4940
-15
-4939
-6
-4939
-8
-4939
-4
-4939
-1
-4939
-13
-4939
-9
-4940
-16
-4940
-6
-4936
-14
-4935
-8
-4937
-8
-4940
-2
-4939
-8
-4939
-10
-4941
-9
-4939
-15
-4938
-7
-4940
-16
-4939
-16
-4937
-11
-4941
-16
-4938
-2
-4938
-12
-4940
-9
-4938
-10
-4938
-13
-4937
-1
-4938
-7
-4939
8
-4941
-15
-4939
-6
-4941
-4
-4940
-14
-4940
-13
-4939
-10
-4939
-12
-4939
-4
-4938
-3
-4937
-1
-4939
-1
-4938
-6
-4939
-7
-4940
-7
-4937
-3
-4939
-6
-4939
-3
-4937
0
-4940
6
-4938
0
-4941
-10
-4940
-13
-4938
-9
-4938
-13
-4936
-5
-4936
5
-4936
5
-4940
-17
-4940
-10
-4939
-13
-4939
-7
-4938
-13
-4938
2
-4938
-9
-4940
-7
-4939
6
-4939
-12
-4936
1
-4939
-6
-4940
-2
-4938
-3
-4939
-14
-4937
-6
-4939
-2
-4938
3
-4937
1
-4940
0
-4939
11
-4939
-7
-4938
-8
-4940
-23
-4939
3
-4938
-9
-4939
-8
-4939
-9
-4937
-10
-4940
-11
-4939
-1
-4938
2
-4940
3
-4938
-10
-4938
1
-4937
1
-4939
0
-4938
-12
-4938
1
-4940
-9
-4938
-8
-4940
-10
-4936
2
-4937
-5
-4935
1
-4935
-2
-4936
-7
-4938
-5
-4940
-8
-4939
9
-4939
6
-4939
-2
-4941
-11
-4938
-4
-4938
-7
-4940
-2
-4938
-14
-4937
-12
-4939
-7
-4938
-3
-4940
-9
-4939
-8
-4939
-3
-4940
5
-4938
-13
-4938
-4
-4939
-2
-4938
-9
-4938
-19
-4940
-5
-4939
-1
-4938
-7
-4937
-6
-4938
-7
-4938
-7
-4939
-7
-4939
3
-4940
-10
-4939
-1
-4938
4
-4939
7
-4938
-1
-4941
-7
-4937
-7
-4939
-7
-4940
-10
-4939
0
-4939
-9
-4939
-8
-4937
-13
-4939
5
-4935
-6
-4936
0
-4938
-4
-4938
-7
-4939
1
-4938
2
-4938
-11
-4940
-1
-4938
-18
-4938
2
-4939
2
-4939
5
-4938
-7
-4939
-2
-4939
-9
-4941
-3
-4938
-3
-4938
1
-4940
13
-4940
6
-4938
1
-4940
9
-4937
-10
-4940
-3
-4938
-4
-4939
-13
-4939
-3
-4938
10
-4939
-9
-4939
-2
-4938
-5
-4941
-4
-4939
-7
-4938
-8
-4938
-12
-4939
-10
-4941
-3
-4939
-3
-4938
-7
-4937
6
-4938
-6
-4940
-3
-4939
2
-4939
-6
-4939
-8
-4940
-8
-4938
0
-4934
4
-4938
-1
-4936
-4
-4939
-4
-4940
-12
-4938
-21
-4939
-1
-4940
-5
-4937
2
-4940
-8
-4939
4
-4938
3
-4938
2
-4939
-6
-4938
-13
-4938
-9
-4939
-17
-4938
-14
-4939
8
-4939
-13
-4941
-13
-4939
-2
-4937
-9
-4939
-3
-4939
-6
-4939
423
-4938
-8
-4939
-13
-4937
5
-4941
-7
-4941
-11
-4939
-16
-4937
1
-4939
4
-4939
3
-4939
-1
-4938
2
-4940
-7
-4938
-7
-4937
-8
-4937
-9
-4939
-7
-4940
4
-4938
-2
-4938
-7
-4939
-8
-4938
-9
-4935
-6
-4938
6
-4936
-6
-4938
4
-4937
-12
-4938
-16
-4938
-25
-4941
-10
-4938
2
-4938
-5
-4939
-5
-4938
-10
-4939
0
-4940
2
-4938
-9
-4938
-9
-4937
-2
-4937
-4
-4939
-12
-4940
-14
-4936
-5
-4941
-4
-4938
-4
-4937
-4
-4939
-9
-4940
-13
-4940
-1
-4938
-8
-4938
13
-4938
0
-4940
2
-4938
3
-4938
1
-4938
-2
-4939
1
-4938
-7
-4939
-2
-4939
-13
-4939
-1
-4940
-16
-4940
3
-4938
-9
-4939
-5
-4938
4
-4938
1
-4939
-7
-4938
-11
-4935
-10
-4938
5
-4937
-2
-4940
6
-4939
-3
-4938
-5
-4938
-15
-4938
4
-4938
3
-4938
-12
-4938
-12
-4938
-4
-4938
-5
-4938
0
-4938
6
-4940
4
-4938
-4
-4941
-15
-4939
0
-4939
-12
-4939
-9
-4940
-8
-4937
-6
-4939
-9
-4938
-10
-4939
6
-4939
0
-4939
5
-4940
-15
-4938
-8
-4939
-17
-4938
-5
-4940
1
-4938
2
-4938
-11
-4938
-5
-4941
-3
-4939
12
-4940
-10
-4938
-15
-4938
3
-4938
-6
-4938
-3
-4937
-15
-4939
5
-4939
-5
-4935
-3
-4937
-16
-4936
9
-4938
-3
-4938
-11
-4939
-7
-4938
-6
-4939
-7
-4938
-5
-4938
-2
-4939
-7
-4938
-7
-4938
-7
-4938
-8
-4940
-5
-4938
-11
-4939
-1
-4937
-7
-4939
2
-4938
-6
-4938
-6
-4940
0
-4938
-12
-4939
-12
-4938
-17
-4938
-20
-4938
3
-4938
-1
-4939
-15
-4939
-5
-4939
-8
-4939
-2
-4939
-11
-4939
-11
-4941
-4
-4939
-11
-4938
-4
-4939
-12
-4940
-6
-4938
-2
-4939
-11
-4939
0
-4939
-4
-4941
-11
-4939
0
-4939
-9
-4937
10
-4936
-7
-4938
-14
-4940
-22
-4940
-5
-4939
-8
-4937
-20
-4938
-12
-4939
-6
-4937
-2
-4938
-17
-4939
-10
-4938
1
-4939
-3
-4938
-23
-4939
-8
-4939
-8
-4938
-6
-4939
7
-4937
0
-4938
-2
-4939
-10
-4937
-5
-4939
-13
-4939
-4
-4937
-13
-4939
-8
-4941
-15
-4939
2
-4938
-2
-4939
-9
-4938
4
-4939
13
-4938
-5
-4940
-8
-4937
6
-4938
-22
-4938
2
-4939
46
-4938
-16
-4938
-25
-4940
-15
-4938
-13
-4940
-19
-4939
-19
-4939
-12
-4936
-8
-4937
0
-4936
7
-4938
-8
-4938
-5
-4938
-14
-4939
-17
-4939
-6
-4938
-1
-4940
-3
-4940
2
-4938
-8
-4938
-10
-4938
-29
-4938
-1
-4939
-3
-4938
-11
-4938
1
-4939
-2
-4938
-9
-4939
-18
-4938
-14
-4939
-6
-4939
-10
-4941
-12
-4940
-11
-4937
-14
-4938
-19
-4939
1
-4940
-8
-4939
-12
-4939
-7
-4941
-3
-4938
-4
-4941
-6
-4938
4
-4937
1
-4939
-5
-4937
7
-4941
-19
-4938
-10
-4938
-10
-4938
-1
-4938
-6
-4940
-2
-4936
4
-4938
-1
-4936
-14
-4940
-1
-4940
-5
-4939
-14
-4938
5
-4940
-1
-4940
3
-4938
-4
-4938
-10
-4939
15
-4938
-6
-4938
-2
-4939
-2
-4937
-13
-4938
-4
-4939
-11
-4940
-5
-4937
-10
-4938
-16
-4938
-11
-4937
6
-4937
-11
-4941
1
-4939
-6
-4938
-16
-4938
-4
-4938
-1
-4938
-8
-4939
-13
-4938
11
-4939
2
-4939
2
-4936
-2
-4938
-2
-4939
-22
-4940
-12
-4939
3
-4938
2
-4941
1
-4938
-17
-4939
-10
-4936
-6
-4939
-12
-4939
0
-4936
6
-4936
0
-4936
-14
-4939
-1
-4939
-5
-4939
-13
-4938
-9
-4940
-8
-4939
-7
-4939
4
-4941
4
-4939
-6
-4939
-2
-4938
-11
-4938
-16
-4938
-11
-4936
-11
-4938
-3
-4937
6
-4939
-7
-4939
-4
-4937
-6
-4938
-7
-4938
-6
-4938
-14
-4940
-18
-4938
-7
-4939
-12
-4939
-4
-4938
-7
-4938
0
-4940
-3
-4937
-14
-4939
-12
-4939
0
-4939
-10
-4939
0
-4939
-6
-4938
3
-4937
5
-4938
-10
-4938
9
-4939
6
-4937
-5
-4938
3
-4937
-4
-4940
-7
-4936
4
-4937
-11
-4936
-13
-4940
3
-4939
-7
-4938
6
-4938
4
-4939
-11
-4937
-22
-4939
-5
-4940
-6
-4938
-20
-4938
-8
-4939
-1
-4939
-1
-4939
1
-4939
5
-4939
-2
-4939
5
-4939
7
-4938
-6
-4939
2
-4939
-3
-4938
-1
-4939
9
-4938
-6
-4940
-15
-4939
0
-4939
4
-4940
0
-4937
2
-4938
3
-4938
-23
-4941
0
-4940
4
-4939
34
-4939
-5
-4938
-3
-4938
10
-4940
28
-4939
41
-4939
-1
-4938
5
-4939
1
-4939
-12
-4939
-13
-4939
-2
-4936
7
-4937
2
-4937
-7
-4936
-1
-4938
-2
-4940
-8
-4938
2
-4938
1447
-4938
-4
-4938
1
-4938
3
-4938
0
-4941
5
-4937
-3
-4938
24
-4939
5
-4938
-14
-4938
3
-4938
0
-4939
-7
-4940
-4
-4940
-3
-4939
3
-4938
4
-4940
-1
-4938
7
-4938
10
-4938
2
-4937
15
-4937
8
-4938
1
-4939
7
-4940
-13
-4938
1
-4937
-10
-4938
-17
-4938
-3
-4938
1
-4938
-10
-4939
-10
-4936
-14
-4937
-12
-4938
-1
-4939
2
-4935
3
-4939
0
-4938
-18
-4938
-3
-4935
-4
-4936
8
-4936
1
-4938
-5
-4939
1
-4939
6
-4939
5
-4938
0
-4937
0
-4937
3
-4938
-11
-4938
0
-4938
-6
-4939
2
-4938
-6
-4938
-4
-4937
7
-4938
13
-4939
3
-4937
0
-4938
11
-4938
1
-4938
6
-4937
9
-4940
14
-4938
3
-4937
-8
-4939
-4
-4939
-3
-4939
2
-4938
-4
-4940
-10
-4937
-6
-4937
-5
-4939
-5
-4938
-2
-4939
-10
-4939
-1
-4940
-3
-4940
-1
-4939
-1
-4938
-2
-4938
13
-4938
11
-4939
-2
-4941
5
-4939
12
-4938
4
-4935
-4
-4935
0
-4936
10
-4937
-1
-4938
-1
-4939
20
-4939
-1
-4937
11
-4939
12
-4938
12
-4938
0
-4939
-1
-4938
-6
-4938
0
-4939
25
-4937
19
-4937
0
-4939
5
-4939
7
-4939
450
-4938
-5
-4938
2
-4939
35
-4937
786
-4939
47
-4939
62
-4938
0
-4936
164
-4940
0
-4938
125
-4938
264
-4939
142
-4938
440
-4937
113
-4938
337
-4937
439
-4938
15
-4938
0
-4938
1
-4940
206
-4939
51
-4938
36
-4939
3
-4939
55
-4939
6
-4940
218
-4939
73
-4936
429
-4937
10
-4936
11
-4938
267
-4937
539
-4938
-3
-4939
43
-4938
30
-4937
-1
-4938
9
-4939
12
-4940
13
-4939
0
-4938
15
-4937
8
-4939
20
-4938
18
-4939
12
-4937
6
-4936
5
-4939
6
-4938
-4
-4938
-4
-4939
-1
-4939
2
-4939
6
-4938
10
-4939
-4
-4939
2
-4940
16
-4939
17
-4939
1
-4938
5
-4939
7
-4939
26
-4938
-6
-4940
11
-4940
-4
-4938
-4
-4938
-7
-4938
8
-4938
16
-4938
12
-4938
10
-4939
2
-4940
943
-4938
11
-4934
21
-4934
3331
-4937
-6
-4939
6
-4940
12
-4939
-3
-4938
2
-4938
8
-4938
1
-4939
-2
-4937
-1
-4938
5
-4938
-5
-4938
4
-4939
11
-4937
5
-4938
9
-4938
-1
-4938
10
-4937
218
-4938
10
-4938
2
-4938
-2
-4937
289
-4938
17
-4937
8
-4940
7
-4939
3
-4936
-11
-4938
2
-4938
5
-4937
2771
-4940
720
-4938
586
-4939
46
-4938
132
-4940
6
-4938
33
-4940
17
-4938
68
-4938
34
-4939
18
-4938
24
-4937
24
-4936
140
-4939
9
-4938
4
-4936
13
-4937
23
-4937
10
-4939
25
-4938
20
-4938
7
-4941
415
-4937
14
-4937
1
-4938
15
-4938
7
-4938
25
-4939
49
-4939
15
-4938
16
-4939
1
-4938
16
-4937
32
-4939
97
-4938
18
-4941
13
-4938
-2
-4940
8
-4938
5
-4940
475
-4940
1937
-4938
7
-4938
23
-4938
12
-4938
13
-4938
1
-4937
17
-4939
5517
-4937
5664
-4936
3523
-4942
7523
-4938
397
-4937
489
-4938
181
-4938
14
-4937
10
-4938
13
-4937
13
-4940
6
-4937
-1
-4939
9
-4935
30
-4937
26
-4936
25
-4938
8
-4940
6
-4938
26
-4939
6
-4939
8
-4938
18
-4937
12
-4939
14
-4938
17
-4937
13
-4937
17
-4938
6
-4938
12
-4939
8
-4939
24
-4940
25
-4938
9
-4937
13
-4937
26
-4937
13
-4938
21
-4939
11
-4937
16
-4938
21
-4938
7
-4938
7
-4939
22
-4937
18
-4939
24
-4938
26
-4938
26
-4940
17
-4938
21
-4940
10
-4939
22
-4937
24
-4939
24
-4938
18
-4939
25
-4938
21
-4939
25
-4939
29
-4938
24
-4937
24
-4937
29
-4935
34
-4936
32
-4936
34
-4939
37
-4939
40
-4939
44
-4939
24
-4938
15
-4938
14
-4938
27
-4937
31
-4940
29
-4939
41
-4940
34
-4939
43
-4938
31
-4939
18
-4938
29
-4938
22
-4940
30
-4938
34
-4939
30
-4938
31
-4938
39
-4940
31
-4939
29
-4939
34
-4939
32
-4938
41
-4939
39
-4939
34
-4937
21
-4939
34
-4937
43
-4938
41
-4938
41
-4938
50
-4938
35
-4938
49
-4938
42
-4938
44
-4938
47
-4938
37
-4938
35
-4937
44
-4937
48
-4935
53
-4936
48
-4938
36
-4938
33
-4938
52
-4940
31
-4938
41
-4938
42
-4937
39
-4938
37
-4939
52
-4941
50
-4940
51
-4939
55
-4937
41
-4939
38
-4937
51
-4937
46
-4938
49
-4939
47
-4937
46
-4937
50
-4938
56
-4937
41
-4939
42
-4939
58
-4937
46
-4939
45
-4939
42
-4940
51
-4940
52
-4940
42
-4939
49
-4940
58
-4939
60
-4937
49
-4939
53
-4937
47
-4938
56
-4939
51
-4938
56
-4937
48
-4938
56
-4939
49
-4938
41
-4939
56
-4938
45
-4935
67
-4937
43
-4936
55
-4936
54
-4937
62
-4938
61
-4937
56
-4939
61
-4938
51
-4937
59
-4939
54
-4940
51
-4939
63
-4939
70
-4938
57
-4937
56
-4939
57
-4939
61
-4939
47
-4938
55
-4939
39
-4938
45
-4940
76
-4939
60
-4939
61
-4938
60
-4936
65
-4936
63
-4938
51
-4940
71
-4938
64
-4939
75
-4937
69
-4939
69
-4938
74
-4936
67
-4938
68
-4938
74
-4937
67
-4939
74
-4937
67
-4938
81
-4938
71
-4938
82
-4938
83
-4937
80
-4935
84
-4937
84
-4936
72
-4939
68
-4938
76
-4939
69
-4940
82
-4938
83
-4938
75
-4939
80
-4939
85
-4938
86
-4938
80
-4939
80
-4938
96
-4940
87
-4938
89
-4938
91
-4939
94
-4939
96
-4938
95
-4937
109
-4939
99
-4939
82
-4938
99
-4937
104
-4938
95
-4940
100
-4938
106
-4938
107
-4938
107
-4937
94
-4939
97
-4938
102
-4939
105
-4937
113
-4938
106
-4939
106
-4938
111
-4937
98
-4938
102
-4938
126
-4939
120
-4938
113
-4940
123
-4935
126
-4937
123
-4938
127
-4941
127
-4938
126
-4939
114
-4937
121
-4939
124
-4938
133
-4939
127
-4938
120
-4939
129
-4938
123
-4940
119
-4939
130
-4938
112
-4938
129
-4937
127
-4939
132
-4939
145
-4939
148
-4938
128
-4938
134
-4937
127
-4940
130
-4939
132
-4937
137
-4938
133
-4938
135
-4939
130
-4938
132
-4940
137
-4940
141
-4941
143
-4939
145
-4940
151
-4938
161
-4940
169
-4938
160
-4938
166
-4938
162
-4938
161
-4939
157
-4937
158
-4938
150
-4936
165
-4941
166
-4939
168
-4938
177
-4939
174
-4940
168
-4939
179
-4939
178
-4939
177
-4938
189
-4940
168
-4939
171
-4938
198
-4941
204
-4939
197
-4939
194
-4939
205
-4941
206
-4940
223
-4940
221
-4939
218
-4941
207
-4938
227
-4940
230
-4938
231
-4941
243
-4940
246
-4939
258
-4940
250
-4939
243
-4940
250
-4940
256
-4940
257
-4941
261
-4939
271
-4940
251
-4941
263
-4941
278
-4940
282
-4940
292
-4940
296
-4936
295
-4938
307
-4938
305
-4940
309
-4940
318
-4942
311
-4941
317
-4939
313
-4940
329
-4940
333
-4941
345
-4941
353
-4941
356
-4940
365
-4941
370
-4940
389
-4941
418
-4943
416
-4941
457
-4941
479
-4943
505
-4943
551
-4942
551
-4944
530
-4942
472
-4944
453
-4941
445
-4941
427
-4941
399
-4941
403
-4942
396
-4941
427
-4941
421
-4944
430
-4942
433
-4942
438
-4943
440
-4943
438
-4943
438
-4942
456
-4942
440
-4945
439
-4939
452
-4939
472
-4940
478
-4942
469
-4944
465
-4943
473
-4942
489
-4942
506
-4944
514
-4941
512
-4943
499
-4943
520
-4941
535
-4942
537
-4942
533
-4943
533
-4943
532
-4943
539
-4944
549
-4943
564
-4942
566
-4943
575
-4941
592
-4943
593
-4943
600
-4943
589
-4943
612
-4944
613
-4943
627
-4944
631
-4943
643
-4943
661
-4943
646
-4943
662
-4944
682
-4944
677
-4945
708
-4945
699
-4944
710
-4944
695
-4944
700
-4944
693
-4945
692
-4943
729
-4943
747
-4943
750
-4944
752
-4946
764
-4946
771
-4946
793
-4946
797
-4946
799
-4946
804
-4947
794
-4944
812
-4945
809
-4946
835
-4945
847
-4946
847
-4946
863
-4945
869
-4948
879
-4948
896
-4945
901
-4946
912
-4947
927
-4947
914
-4947
937
-4946
949
-4948
981
-4947
1000
-4949
1003
-4948
1022
-4948
1016
-4946
1039
-4947
1052
-4949
1056
-4949
1047
-4950
1088
-4947
1096
-4949
1103
-4949
1107
-4950
1107
-4948
1124
-4950
1121
-4947
1147
-4948
1154
-4949
1183
-4949
1179
-4950
1180
-4950
1191
-4950
1193
-4950
1200
-4950
1192
-4950
1200
-4951
1216
-4949
1203
-4952
1226
-4950
1219
-4951
1243
-4953
1256
-4951
1249
-4953
1266
-4953
1264
-4951
1252
-4951
1246
-4951
1297
-4952
1305
-4952
1302
-4952
1317
-4954
1318
-4954
1309
-4953
1339
-4952
1338
-4950
1342
-4953
1340
-4953
1343
-4953
1377
-4952
1384
-4954
1396
-4954
1397
-4953
1415
-4954
1439
-4953
1475
-4952
1484
-4952
1489
-4954
1499
-4957
1500
-4953
1483
-4956
1481
-4956
1489
-4957
1513
-4958
1522
-4956
1519
-4957
1536
-4956
1532
-4957
1550
-4958
1571
-4958
1579
-4959
1598
-4960
1607
-4961
1613
-4958
1628
-4961
1636
-4961
1656
-4961
1670
-4961
1679
-4965
1703
-4967
1715
-4968
1729
-4966
1743
-4969
1764
-4970
1783
-4970
1826
-4970
1830
-4972
1851
-4973
1870
-4977
1892
-4976
1912
-4981
1950
-4980
1976
-4982
1994
-4980
2024
-4982
2191
-4985
2242
-4988
2301
-4992
2377
-4993
2385
-4994
2407
-4996
2447
-4998
2497
-4999
2540
-5003
2591
-5005
2647
-5007
2708
-5010
2754
-5013
2808
-5018
2854
-5020
2908
-5025
2986
-5029
3060
-5033
3233
-5034
3384
-5037
3456
-5040
3586
-5045
3716
-5048
3745
-5052
3891
-5058
4003
-5058
4049
-5062
4184
-5063
4290
-5064
4378
-5066
4488
-5067
4599
-5068
4661
-5070
4774
-5071
4863
-5076
4924
-5076
5006
-5079
5109
-5083
5184
-5084
5278
-5087
5430
-5092
5511
-5093
5562
-5094
5618
-5096
5697
-5099
5731
-5097
5806
-5099
5902
-5098
5943
-5103
5999
-5101
6062
-5103
6091
-5105
6156
-5110
6219
-5108
6271
-5109
6335
-5108
6382
-5110
6421
-5113
6471
-5112
6526
-5112
6557
-5113
6574
-5112
6614
-5116
6655
-5114
6664
-5120
6734
-5118
6781
-5125
6837
-5125
6874
-5128
6937
-5129
6963
-5127
6960
-5126
6965
-5126
6999
-5128
7054
-5129
7103
-5130
7106
-5126
7152
-5134
7168
-5128
7163
-5123
7151
-5126
7161
-5133
7245
-5132
7259
-5131
7328
-5132
7353
-5132
7370
-5133
7331
-5133
7292
-5134
7352
-5135
7421
-5136
7451
-5135
7462
-5137
7535
-5138
7479
-5135
7494
-5138
7515
-5136
7509
-5141
7627
-5138
7673
-5141
7666
-5138
7645
-5141
7663
-5140
7651
-5139
7585
-5141
7551
-5140
7668
-5140
7677
-5144
7731
-5143
7705
-5141
7796
-5143
7829
-5146
7783
-5143
7797
-5145
7783
-5146
7833
-5147
7888
-5147
7896
-5142
7925
-5145
7948
-5144
8001
-5147
7981
-5148
7831
-5147
7774
-5148
7864
-5148
8005
-5149
8060
-5150
8058
-5151
8106
-5154
8122
-5151
8085
-5153
8079
-5154
8172
-5156
8275
-5158
8290
-5158
8255
-5159
8340
-5162
8373
-5164
8393
-5166
8472
-5168
8513
-5168
8553
-5168
8565
-5170
8572
-5174
8594
-5175
8646
-5181
8707
-5184
8879
-5185
8891
-5182
8889
-5183
8915
-5190
8936
-5191
8969
-5195
9074
-5196
9204
-5196
9204
-5200
9185
-5198
9199
-5193
9216
-5195
9170
-5196
9130
-5201
9295
-5201
9395
-5203
9389
-5201
9423
-5202
9449
-5204
9441
-5206
9386
-5204
9392
-5207
9445
-5205
9518
-5206
9534
-5208
9592
-5209
9629
-5210
9641
-5212
9649
-5209
9645
-5215
9710
-5216
9769
-5218
9853
-5219
9885
-5219
9853
-5218
9850
-5221
9877
-5221
9909
-5223
9984
-5224
10023
-5229
10072
-5232
10127
-5239
10209
-5244
10267
-5246
10348
-5249
10414
-5253
10453
-5258
10509
-5260
10611
-5263
10714
-5266
10758
-5270
10786
-5275
10856
-5276
10899
-5279
10961
-5280
11001
-5285
11058
-5288
11107
-5295
11187
-5299
11253
-5304
11295
-5308
11355
-5310
11443
-5314
11472
-5314
11532
-5316
11583
-5319
11633
-5320
11653
-5320
11715
-5321
11747
-5324
11799
-5327
11877
-5331
11911
-5330
11982
-5330
12035
-5331
12050
-5336
12056
-5336
12168
-5336
12283
-5337
12345
-5335
12393
-5336
12424
-5338
12451
-5340
12421
-5339
12527
-5342
12590
-5338
12654
-5342
12656
-5342
12690
-5358
12705
-5366
12722
-5367
12776
-5363
12816
-5365
12815
-5362
12826
-5364
12830
-5365
12894
-5364
12889
-5366
12923
-5368
12976
-5375
13004
-5374
13003
-5375
13023
-5374
13067
-5377
13068
-5377
13101
-5376
13117
-5375
13155
-5375
13152
-5378
13169
-5378
13199
-5376
13195
-5379
13214
-5380
13226
-5380
13282
-5381
13314
-5378
13529
-5378
13785
-5380
13843
-5379
13890
-5379
13951
-5381
14036
-5380
14080
-5377
14234
-5378
14259
-5381
14285
-5382
14317
-5384
14356
-5383
14400
-5387
14400
-5382
14363
-5387
14334
-5382
14343
-5386
14406
-5386
14482
-5383
14524
-5385
14566
-5385
14527
-5387
14529
-5387
14595
-5388
14521
-5387
14469
-5386
14446
-5387
14450
-5385
14458
-5390
14537
-5386
14573
-5387
14635
-5388
14716
-5387
14693
-5391
14685
-5389
14631
-5388
14506
-5386
14370
-5388
14390
-5388
14403
-5390
14466
-5391
14479
-5391
14576
-5388
14594
-5394
14547
-5385
14445
-5389
14291
-5390
14217
-5391
14189
-5391
14110
-5391
14063
-5389
14106
-5391
14133
-5386
14078
-5389
14086
-5391
14159
-5392
14135
-5393
14238
-5386
14246
-5390
14320
-5393
14457
-5392
14609
-5392
14576
-5392
14556
-5390
14592
-5392
14616
-5390
14591
-5391
14477
-5393
14350
-5394
14353
-5393
14382
-5395
14242
-5395
14081
-5392
14040
-5393
14050
-5392
14116
-5390
14128
-5390
14058
-5393
14296
-5394
14516
-5390
14705
-5391
14688
-5376
14655
-5395
14619
-5398
14472
-5391
14206
-5402
14106
-5387
14035
-5396
14013
-5392
13992
-5391
13929
-5393
13855
-5390
13807
-5395
13916
-5390
14037
-5391
13970
-5390
13844
-5393
13793
-5394
13746
-5394
13746
-5392
13707
-5394
13616
-5392
13569
-5393
13602
-5392
13690
-5392
13763
-5394
13829
-5395
13887
-5395
13974
-5394
14051
-5392
13994
-5392
13930
-5392
13931
-5389
13867
-5394
13767
-5394
13750
-5390
13579
-5392
13622
-5390
13729
-5392
13698
-5390
13662
-5387
13661
-5395
13736
-5393
13906
-5394
13987
-5393
13931
-5393
13813
-5391
13774
-5392
13655
-5390
13503
-5391
13454
-5396
13409
-5391
13450
-5393
13443
-5394
13458
-5391
13595
-5392
13546
-5391
13503
-5391
13513
-5393
13560
-5394
13504
-5392
13330
-5393
13199
-5392
13214
-5397
13168
-5391
13119
-5394
13066
-5394
13001
-5393
12995
-5391
13007
-5390
12968
-5395
12996
-5392
13161
-5391
13136
-5389
13256
-5389
13404
-5389
13458
-5391
13446
-5393
13387
-5389
13258
-5390
13450
-5391
13392
-5389
13314
-5392
13273
-5389
13182
-5393
13113
-5396
13139
-5395
13036
-5393
12936
-5392
12835
-5396
12703
-5390
12647
-5391
12642
-5392
12612
-5392
12646
-5394
12641
-5390
12610
-5390
12705
-5393
12862
-5393
12856
-5392
12873
-5392
12896
-5393
12983
-5395
12938
-5392
12859
-5391
12676
-5391
12731
-5390
12743
-5388
12780
-5389
12872
-5392
12904
-5391
12892
-5391
12705
-5389
12597
-5391
12569
-5389
12476
-5392
12506
-5392
12612
-5390
12611
-5393
12710
-5392
12792
-5391
12886
-5391
12840
-5393
12828
-5393
12761
-5391
12665
-5393
12605
-5393
12465
-5393
12384
-5390
12363
-5391
12297
-5394
12260
-5394
12240
-5392
12139
-5388
12068
-5389
12075
-5390
12044
-5390
12028
-5393
12151
-5391
12143
-5392
12163
-5393
12283
-5390
12360
-5391
12523
-5389
12644
-5391
12605
-5388
12509
-5388
12334
-5392
12174
-5392
12085
-5390
11978
-5391
11944
-5392
11916
-5389
11912
-5395
11964
-5390
11983
-5390
11910
-5391
11926
-5389
11857
-5390
11859
-5390
12006
-5392
12108
-5389
12129
-5393
12130
-5392
12205
-5390
12285
-5389
12265
-5391
12121
-5392
11958
-5390
11976
-5393
11942
-5391
11809
-5389
11640
-5393
11547
-5392
11511
-5388
11484
-5388
11459
-5389
11538
-5391
11681
-5390
11886
-5389
11978
-5390
12025
-5389
12013
-5388
11517
-5389
11522
-5387
11488
-5390
11425
-5393
11369
-5391
11373
-5390
11413
-5388
11243
-5389
11186
-5390
11219
-5390
11357
-5391
11546
-5388
11547
-5390
11404
-5390
11628
-5387
11671
-5390
11612
-5388
11612
-5391
11564
-5392
11435
-5389
11337
-5390
11222
-5392
11167
-5389
11062
-5390
10968
-5389
10924
-5389
10909
-5390
10850
-5389
10826
-5390
10872
-5389
10933
-5388
11032
-5389
11197
-5389
11265
-5390
11268
-5389
11217
-5384
11142
-5386
11044
-5389
10899
-5389
10845
-5389
10816
-5389
10782
-5392
10776
-5387
10665
-5386
10679
-5387
10695
-5387
10652
-5388
10690
-5387
10880
-5388
10946
-5390
10991
-5389
10829
-5386
10665
-5386
10758
-5387
10950
-5387
10977
-5388
10864
-5388
10630
-5389
10530
-5387
10620
-5387
10668
-5388
10646
-5388
10581
-5387
10455
-5388
10406
-5387
10442
-5386
10365
-5391
10255
-5385
10176
-5387
10184
-5386
10289
-5386
10428
-5386
10429
-5381
10442
-5382
10511
-5384
10537
-5384
10577
-5383
10586
-5384
10432
-5385
10278
-5384
10125
-5381
10027
-5380
9992
-5381
9987
-5379
9915
-5381
9912
-5380
9934
-5380
10025
-5379
10153
-5379
10260
-5379
10278
-5381
10298
-5379
10285
-5377
10187
-5376
10089
-5373
9847
-5374
9754
-5373
9703
-5371
9656
-5372
9612
-5367
9644
-5366
9684
-5366
9712
-5366
9732
-5364
9814
-5364
9805
-5363
9669
-5361
9556
-5359
9433
-5359
9457
-5357
9465
-5349
9345
-5347
9309
-5348
9357
-5349
9342
-5347
9320
-5347
9242
-5347
9240
-5347
9301
-5344
9405
-5343
9323
-5344
9159
-5341
9190
-5338
9238
-5339
9232
-5338
9168
-5338
9087
-5335
9011
-5336
9026
-5335
9042
-5334
9055
-5333
9025
-5331
9086
-5331
9338
-5332
9387
-5331
9434
-5331
9445
-5332
9374
-5330
9294
-5331
9142
-5328
8940
-5326
8940
-5329
8954
-5328
8957
-5324
8968
-5331
8957
-5327
8952
-5325
8894
-5326
8843
-5324
8896
-5321
9005
-5320
9026
-5320
9009
-5324
8904
-5320
8822
-5324
8799
-5320
8714
-5315
8623
-5313
8572
-5312
8479
-5311
8440
-5310
8427
-5306
8391
-5304
8318
-5303
8270
-5300
8187
-5300
8239
-5300
8295
-5300
8550
-5302
8596
-5300
8540
-5298
8384
-5297
8289
-5297
8287
-5294
8187
-5293
8113
-5291
8093
-5290
8036
-5289
8035
-5288
8031
-5288
7970
-5285
7905
-5283
7961
-5285
8049
-5287
8320
-5284
8369
-5284
8334
-5286
8364
-5285
8370
-5283
8366
-5281
8246
-5279
8030
-5282
7918
-5279
7862
-5279
7788
-5275
7719
-5273
7667
-5272
7602
-5273
7564
-5269
7563
-5268
7507
-5264
7451
-5264
7404
-5260
7319
-5258
7280
-5255
7234
-5253
7211
-5253
7193
-5250
7181
-5249
7122
-5248
7039
-5245
6992
-5244
6967
-5245
7015
-5243
6970
-5240
6995
-5242
7037
-5241
7099
-5240
7117
-5240
7251
-5240
7321
-5241
7257
-5239
7239
-5239
7197
-5238
7049
-5237
6906
-5235
6845
-5232
6769
-5229
6692
-5226
6630
-5226
6639
-5225
6722
-5228
6759
-5227
6685
-5225
6609
-5221
6515
-5219
6414
-5218
6380
-5215
6296
-5209
6217
-5205
6156
-5205
6076
-5201
6009
-5197
5954
-5195
5871
-5191
5793
-5190
5769
-5187
5760
-5188
5810
-5188
5866
-5186
5911
-5188
5917
-5187
5832
-5184
5754
-5182
5705
-5181
5608
-5180
5563
-5174
5504
-5172
5421
-5172
5354
-5169
5293
-5166
5201
-5162
5161
-5160
5106
-5158
5042
-5156
4991
-5155
4943
-5153
4897
-5148
4859
-5149
4804
-5145
4730
-5147
4693
-5143
4652
-5139
4597
-5139
4517
-5136
4476
-5133
4418
-5132
4362
-5127
4315
-5130
4290
-5129
4272
-5126
4259
-5125
4239
-5124
4213
-5122
4205
-5123
4212
-5122
4270
-5121
4276
-5120
4262
-5119
4213
-5117
4122
-5117
4116
-5116
4083
-5114
4057
-5113
4011
-5110
3963
-5111
3921
-5109
3884
-5106
3822
-5103
3783
-5106
3783
-5100
3738
-5100
3678
-5098
3635
-5097
3601
-5097
3569
-5094
3523
-5089
3480
-5087
3405
-5085
3364
-5083
3338
-5085
3302
-5082
3223
-5080
3204
-5079
3176
-5079
3175
-5078
3160
-5076
3127
-5076
3093
-5074
3071
-5074
3040
-5074
3022
-5071
2984
-5071
2974
-5072
2926
-5069
2905
-5068
2873
-5068
2837
-5067
2832
-5063
2790
-5062
2755
-5062
2739
-5062
2754
-5063
2749
-5061
2756
-5060
2740
-5060
2709
-5058
2680
-5058
2681
-5057
2690
-5059
2676
-5057
2676
-5058
2713
-5057
2746
-5058
2732
-5056
2712
-5054
2671
-5051
2637
-5054
2702
-5052
2700
-5054
2663
-5054
2635
-5054
2624
-5054
2611
-5052
2613
-5051
2578
-5052
2557
-5053
2544
-5051
2530
-5050
2499
-5052
2497
-5051
2507
-5051
2499
-5048
2483
-5050
2466
-5047
2462
-5049
2446
-5046
2442
-5046
2404
-5045
2377
-5044
2351
-5045
2324
-5045
2297
-5042
2258
-5041
2221
-5038
2210
-5039
2206
-5039
2178
-5037
2152
-5035
2118
-5035
2101
-5036
2085
-5034
2066
-5033
2037
-5033
2005
-5030
2005
-5030
1982
-5028
1958
-5027
1946
-5029
1927
-5026
1887
-5027
1877
-5025
1839
-5023
1830
-5023
1820
-5023
1811
-5024
1791
-5022
1772
-5020
1768
-5020
1748
-5018
1725
-5020
1695
-5019
1698
-5019
1663
-5020
1648
-5017
1632
-5016
1610
-5016
1592
-5016
1576
-5012
1550
-5014
1543
-5012
1513
-5012
1475
-5011
1484
-5009
1442
-5010
1433
-5008
1431
-5007
1395
-5005
1396
-5005
1383
-5004
1362
-5004
1343
-5001
1322
-5000
1314
-5003
1315
-5000
1287
-4996
1265
-4997
1238
-4996
1213
-4997
1198
-4996
1172
-4996
1137
-4993
1133
-4993
1113
-4992
1090
-4989
1078
-4989
1047
-4988
1018
-4986
991
-4985
984
-4983
957
-4983
931
-4979
918
-4979
892
-4978
877
-4978
863
-4977
840
-4978
832
-4977
820
-4976
803
-4973
773
-4973
751
-4973
732
-4972
706
-4970
702
-4968
667
-4969
648
-4966
640
-4965
613
-4964
590
-4962
572
-4961
574
-4961
555
-4960
527
-4960
508
-4957
491
-4955
480
-4952
459
-4953
449
-4952
427
-4954
416
-4954
416
-4953
388
-4952
366
-4952
362
-4949
345
-4951
335
-4948
323
-4946
308
-4944
280
-4943
285
-4942
261
-4943
250
-4943
248
-4943
226
-4941
220
-4942
210
-4942
211
-4942
177
-4941
177
-4941
164
-4942
164
-4941
158
-4943
144
-4941
149
-4941
135
-4940
137
-4941
125
-4940
127
-4940
115
-4940
97
-4940
105
-4941
102
-4941
93
-4940
86
-4940
79
-4942
77
-4940
76
-4940
68
-4941
75
-4940
68
-4937
68
-4937
61
-4939
61
-4940
61
-4940
67
-4939
66
-4938
58
-4940
59
-4941
59
-4939
57
-4939
38
-4938
53
-4940
48
-4938
50
-4939
56
-4938
58
-4937
45
-4938
44
-4937
35
-4937
48
-4939
38
-4936
38
-4940
30
-4937
38
-4938
26
-4938
27
-4939
41
-4936
38
-4936
27
-4937
22
-4938
29
-4939
21
-4938
24
-4939
41
-4938
26
-4938
21
-4937
20
-4937
22
-4937
19
-4937
18
-4937
39
-4935
28
-4937
12
-4937
12
-4938
15
-4938
22
-4935
13
-4936
12
-4935
16
-4938
13
-4938
16
-4936
26
-4936
10
-4935
15
-4937
15
-4936
16
-4939
18
-4937
16
-4936
7
-4936
7
-4936
9
-4938
6
-4935
14
-4936
19
-4937
6
-4939
16
-4935
15
-4938
12
-4938
-3
-4938
4
-4936
8
-4937
12
-4937
15
-4936
10
-4935
10
-4938
22
-4937
2
-4938
11
-4938
-3
-4938
9
-4936
21
-4936
16
-4937
18
-4937
7
-4938
7
-4935
3
-4938
19
-4937
11
-4938
16
-4938
7
-4937
0
-4936
15
-4937
11
-4938
9
-4934
25
-4934
4
-4935
10
-4937
1
-4938
-2
-4938
6
-4937
16
-4937
5
-4937
14
-4938
3
-4938
5
-4936
7
-4937
10
-4938
22
-4937
3
-4938
10
-4937
4
-4938
12
-4937
18
-4934
9
-4935
9
-4935
15
-4937
18
-4937
8
-4938
6
-4938
9
-4938
2
-4938
7
-4938
4
-4937
-4
-4937
-4
-4937
11
-4937
20
-4937
-5
-4937
-4
-4935
20
-4936
8
-4937
8
-4938
11
-4936
11
-4935
-4
-4938
5
-4939
3
-4936
18
-4938
12
-4935
9
-4935
13
-4938
10
-4937
1
-4935
22
-4935
6
-4936
13
-4938
8
-4938
7
-4938
3
-4939
8
-4936
15
-4936
19
-4937
3
-4938
10
-4935
13
-4936
3
-4937
2
-4938
1
-4936
6
-4935
11
-4937
15
-4937
20
-4938
13
-4936
7
-4935
-2
-4936
12
-4937
7
-4937
20
-4938
5
-4937
13
-4938
4
-4936
-7
-4937
11
-4936
7
-4937
3
-4937
-7
-4938
6
-4937
-10
-4936
-5
-4937
3
-4936
-5
-4936
0
-4936
-6
-4937
8
-4937
8
-4937
10
-4938
-1
-4936
9
-4937
-3
-4938
5
-4937
4
-4937
6
-4932
7
-4934
6
-4934
12
-4938
4
-4934
16
-4936
4
-4937
-4
-4937
-2
-4938
1
-4937
-7
-4938
1
-4936
10
-4936
3
-4938
2
-4936
7
-4939
1
-4935
12
-4935
3
-4936
12
-4936
8
-4936
18
-4939
-1
-4940
4
-4939
3
-4937
4
-4937
5
-4936
8
-4937
12
-4935
-16
-4936
-2
-4937
9
-4937
5
-4936
9
-4937
5
-4936
12
-4938
-6
-4936
18
-4938
4
-4938
8
-4935
2
-4936
7
-4936
1
-4938
3
-4936
-6
-4937
-5
-4936
13
-4937
6
-4937
-4
-4936
3
-4934
13
-4934
2
-4935
12
-4937
17
-4937
1
-4937
6
-4937
2
-4936
0
-4936
-3
-4937
1
-4937
1
-4938
1
-4936
2
-4937
5
-4938
-1
-4936
3
-4937
-4
-4936
3
-4937
2
-4937
1
-4936
-1
-4938
-6
-4939
2
-4936
4
-4936
-2
-4937
-6
-4936
-8
-4938
7
-4936
2
-4936
14
-4935
1
-4937
5
-4938
-1
-4936
5
-4935
11
-4937
1
-4937
5
-4936
11
-4937
-12
-4934
8
-4935
4
-4936
6
-4938
-9
-4935
0
-4938
8
-4936
-6
-4936
-14
-4935
6
-4936
1
-4933
-8
-4934
8
-4934
10
-4936
-1
-4935
-1
-4937
6
-4936
0
-4936
9
-4935
-3
-4937
2
-4937
4
-4935
-2
-4937
-4
-4937
8
-4937
11
-4935
1
-4937
2
-4937
0
-4936
5
-4936
-3
-4936
-19
-4936
-6
-4938
4
-4936
0
-4937
17
-4936
-2
-4936
-5
-4936
-4
-4937
-2
-4936
-5
-4937
-6
-4935
-9
-4936
-10
-4938
0
-4938
-2
-4936
-7
-4938
-8
-4937
6
-4938
1
-4937
7
-4936
-7
-4938
1
-4936
7
-4935
-5
-4936
8
-4938
5
-4935
3
-4936
1
-4934
10
-4934
17
-4935
-3
-4938
1
-4937
-13
-4937
1
-4937
-9
-4938
9
-4935
0
-4937
-6
-4937
-2
-4935
6
-4934
-4
-4935
-8
-4938
-5
-4937
-6
-4936
2
-4936
7
-4936
12
-4937
3
-4936
6
-4939
0
-4938
-11
-4937
3
-4935
-7
-4937
-4
-4937
-8
-4935
-2
-4938
-4
-4937
0
-4938
4
-4937
-1
-4938
4
-4937
1
-4937
-4
-4936
1
-4937
5
-4937
0
-4936
1
-4937
3
-4936
-5
-4936
-1
-4936
4
-4936
-2
-4936
1
-4936
2
-4937
0
-4937
3
-4937
2
-4934
14
-4936
13
-4936
1
-4936
-3
-4937
8
-4938
2
-4937
-3
-4937
14
-4936
9
-4935
10
-4937
6
-4937
-6
-4935
-1
-4936
-1
-4935
-10
-4938
-6
-4936
-7
-4938
9
-4936
-7
-4938
-5
-4937
-1
-4937
-3
-4935
10
-4936
3
-4938
14
-4936
-3
-4938
6
-4938
10
-4937
8
-4937
0
-4937
0
-4937
0
-4936
6
-4938
5
-4937
-6
-4937
9
-4937
-8
-4937
-14
-4937
-4
-4937
-1
-4936
-3
-4937
6
-4936
0
-4938
-5
-4936
1
-4936
-4
-4936
5
-4937
12
-4934
-8
-4934
-1
-4934
0
-4936
20
-4938
7
-4936
15
-4937
-6
-4936
-4
-4936
-4
-4937
13
-4936
0
-4938
10
-4937
5
-4937
-5
-4936
12
-4937
1
-4935
-4
-4936
0
-4936
-2
-4936
2
-4936
3
-4936
-10
-4939
-5
-4937
11
-4936
-13
-4935
-10
-4937
0
-4935
-14
-4936
-4
-4936
18
-4935
-1
-4936
1
-4937
7
-4934
-7
-4937
-11
-4936
-12
-4937
-6
-4936
-14
-4936
11
-4937
4
-4936
9
-4935
14
-4936
2
-4935
-2
-4937
3
-4937
-5
-4938
6
-4933
-14
-4934
-6
-4934
-6
-4935
-1
-4936
0
-4936
4
-4936
1
-4936
-5
-4936
5
-4936
-1
-4937
7
-4936
7
-4936
5
-4937
1
-4938
-2
-4936
-4
-4935
2
-4936
-1
-4936
-4
-4937
2
-4938
2
-4938
8
-4936
-1
-4936
3
-4936
-4
-4935
-3
-4935
-3
-4936
11
-4935
3
-4936
-4
-4936
-20
-4937
-5
-4936
5
-4937
2
-4935
0
-4935
8
-4936
6
-4937
0
-4936
-4
-4936
3
-4935
-7
-4935
6
-4935
11
-4936
-4
-4935
-1
-4938
-2
-4937
8
-4936
2
-4935
14
-4934
-2
-4935
-8
-4932
-1
-4937
1
-4938
-3
-4936
1
-4937
-14
-4936
-15
-4936
-1
-4937
-2
-4936
18
-4937
1
-4935
2
-4936
8
-4938
-4
-4938
-1
-4938
-2
-4938
-7
-4936
1
-4935
12
-4937
8
-4937
9
-4934
-13
-4936
-2
-4936
10
-4937
-6
-4936
1
-4935
7
-4935
5
-4937
14
-4936
15
-4937
13
-4935
8
-4935
-2
-4936
-5
-4938
9
-4934
7
-4938
5
-4935
6
-4935
5
-4934
-4
-4937
12
-4937
19
-4937
-10
-4938
-4
-4937
-8
-4938
-8
-4933
-17
-4934
-2
-4935
-12
-4934
6
-4938
-1
-4936
12
-4936
-1
-4935
1
-4937
7
-4938
-16
-4938
-7
-4937
4
-4935
3
-4936
-7
-4933
9
-4937
3
-4937
-10
-4936
-1
-4936
10
-4934
2
-4936
1
-4935
5
-4935
-6
-4936
4
-4935
12
-4937
12
-4936
-6
-4935
-7
-4938
-9
-4936
-10
-4936
2
-4938
3
-4938
1
-4936
1
-4936
-8
-4937
-1
-4936
2
-4937
3
-4936
-3
-4938
5
-4936
5
-4937
-5
-4937
7
-4935
-6
-4936
-13
-4937
-4
-4937
6
-4937
4
-4936
12
-4935
-2
-4935
2
-4933
-5
-4937
4
-4936
-5
-4936
-7
-4937
-1
-4936
3
-4935
-8
-4936
2
-4936
-3
-4934
-4
-4937
5
-4935
-2
-4936
-1
-4937
-6
-4936
1
-4935
-6
-4935
-5
-4936
-4
-4935
0
-4937
9
-4936
7
-4937
6
-4936
0
-4936
-8
-4936
1
-4935
0
-4937
-9
-4937
-15
-4937
-18
-4936
-6
-4936
-4
-4936
-5
-4938
-6
-4938
-2
-4935
-5
-4936
19
-4938
-4
-4934
-5
-4935
-9
-4936
0
-4936
-17
-4936
-19
-4937
-11
-4937
6
-4936
-6
-4933
3
-4935
-7
-4934
-8
-4936
-9
-4936
2
-4936
-8
-4936
-3
-4937
-6
-4936
5
-4935
14
-4936
15
-4937
2
-4938
-6
-4936
1
-4936
-6
-4936
-12
-4936
-4
-4936
3
-4937
2
-4936
-11
-4935
-1
-4936
0
-4937
-2
-4936
-12
-4937
2
-4937
10
-4935
1
-4938
1
-4937
-4
-4935
-6
-4935
-9
-4935
8
-4935
-6
-4936
10
-4936
-6
-4936
-13
-4935
2
-4937
2
-4937
-8
-4937
-7
-4935
-13
-4935
-7
-4937
-5
-4937
-13
-4935
-6
-4934
1
-4936
-3
-4936
-9
-4933
-9
-4934
-3
-4935
-1
-4935
-9
-4936
19
-4936
-4
-4936
-5
-4935
-4
-4935
-11
-4934
-5
-4936
-1
-4937
-3
-4936
-3
-4936
-10
-4935
3
-4937
3
-4936
-1
-4936
0
-4936
3
-4937
-4
-4935
-10
-4936
10
-4936
1
-4936
-13
-4937
-3
-4937
-8
-4935
4
-4935
2
-4936
-3
-4937
-2
-4936
8
-4935
1
-4936
7
-4937
3
-4936
-13
-4934
-11
-4938
4
-4936
-3
-4936
-6
-4935
4
-4936
7
-4935
10
-4936
-1
-4934
-4
-4936
1
-4937
6
-4936
12
-4933
15
-4932
6
-4933
5
-4936
-3
-4935
3
-4936
-1
-4938
-9
-4936
-21
-4937
-3
-4936
11
-4935
-2
-4935
-14
-4935
-3
-4936
-7
-4936
-6
-4935
-3
-4936
-7
-4936
-4
-4936
-1
-4935
-4
-4938
9
-4935
0
-4935
-4
-4934
0
-4937
6
-4936
-1
-4936
-9
-4936
4
-4935
8
-4935
3
-4936
-8
-4935
2
-4936
1
-4935
2
-4937
-6
-4936
-4
-4936
5
-4937
2
-4936
12
-4936
-5
-4935
2
-4936
3
-4937
4
-4935
14
-4935
-11
-4935
6
-4935
6
-4935
0
-4934
9
-4936
-6
-4934
4
-4936
-6
-4937
-5
-4936
-4
-4937
4
-4936
-1
-4936
2
-4937
-3
-4936
0
-4937
10
-4936
11
-4937
-2
-4936
7
-4937
-3
-4936
9
-4937
2
-4935
-10
-4936
-1
-4936
1
-4935
-5
-4936
9
-4935
0
-4935
-11
-4937
0
-4935
1
-4935
-2
-4936
0
-4936
-1
-4936
-10
-4934
-9
-4936
-9
-4936
-5
-4936
-6
-4935
-5
-4935
-9
-4936
10
-4936
3
-4934
7
-4936
-9
-4935
7
-4935
-8
-4936
1
-4935
0
-4935
0
-4936
3
-4935
1
-4932
5
-4933
5
-4934
3
-4934
5
-4937
6
-4936
13
-4935
1
-4937
9
-4936
3
-4935
14
-4933
-4
-4935
-12
-4937
-5
-4934
-6
-4936
2
-4938
-3
-4936
-9
-4935
-10
-4936
-1
-4935
-4
-4936
-3
-4934
-1
-4936
-6
-4936
3
-4935
-7
-4935
15
-4934
-3
-4935
4
-4936
-3
-4936
-8
-4939
-2
-4936
-6
-4934
5
-4935
5
-4936
-3
-4936
-1
-4936
2
-4935
1
-4935
-1
-4936
5
-4936
10
-4935
-2
-4935
-3
-4935
2
-4935
6
-4935
-2
-4936
15
-4935
7
-4935
4
-4933
5
-4934
5
-4936
-16
-4935
-2
-4935
-7
-4935
0
-4936
-7
-4937
-12
-4935
4
-4935
9
-4936
15
-4934
-3
-4937
-1
-4935
-3
-4935
1
-4935
3
-4935
2
-4938
3
-4936
16
-4935
8
-4937
15
-4935
-3
-4937
-9
-4935
3
-4936
1
-4935
-1
-4935
-3
-4934
-9
-4935
-8
-4935
-7
-4936
-7
-4936
0
-4936
-13
-4935
4
-4935
12
-4935
6
-4936
-4
-4936
7
-4936
3
-4936
5
-4936
17
-4935
5
-4936
0
-4936
5
-4937
2
-4935
-1
-4937
-5
-4936
5
-4934
6
-4935
-2
-4932
10
-4936
1
-4935
1
-4937
-7
-4935
-17
-4935
0
-4934
-6
-4935
2
-4936
-7
-4936
1
-4936
6
-4934
-13
-4936
-7
-4937
6
-4936
-5
-4935
4
-4935
0
-4935
9
-4937
2
-4936
1
-4935
-9
-4936
-4
-4936
1
-4934
-6
-4937
-7
-4937
0
-4935
-15
-4935
-10
-4934
-2
-4935
-7
-4936
-6
-4935
-12
-4934
-12
-4937
-4
-4934
-3
-4935
5
-4935
-6
-4934
-11
-4935
-4
-4935
-1
-4936
10
-4935
1
-4937
6
-4935
1
-4937
5
-4936
-6
-4931
-6
-4934
-3
-4935
-2
-4935
-7
-4937
-10
-4935
-2
-4936
0
-4935
3
-4935
5
-4935
1
-4935
4
-4936
-3
-4938
-7
-4935
-1
-4936
-11
-4935
2
-4936
9
-4936
-5
-4934
1
-4936
8
-4935
-4
-4935
12
-4935
1
-4935
5
-4935
-5
-4936
-9
-4935
-5
-4935
0
-4936
-7
-4936
-3
-4935
-1
-4936
9
-4936
-7
-4936
1
-4935
-5
-4934
7
-4936
-4
-4936
-2
-4934
6
-4935
2
-4935
-7
-4934
-2
-4936
-6
-4937
7
-4936
-4
-4934
-12
-4935
0
-4935
2
-4932
11
-4934
5
-4933
-3
-4936
0
-4936
-3
-4936
-3
-4935
-14
-4935
-4
-4935
6
-4936
1
-4936
3
-4935
3
-4937
0
-4935
0
-4936
-5
-4935
6
-4936
2
-4936
-3
-4936
-3
-4937
-7
-4933
5
-4935
-2
-4936
2
-4934
-12
-4936
-5
-4937
-5
-4936
-10
-4935
-4
-4937
-14
-4936
0
-4934
-12
-4934
-7
-4936
-5
-4936
-7
-4936
4
-4935
3
-4935
-7
-4936
-5
-4935
7
-4933
2
-4936
0
-4935
11
-4934
-7
-4935
4
-4937
12
-4936
-7
-4935
-3
-4935
7
-4932
5
-4934
4
-4934
-3
-4937
-10
-4934
-10
-4934
-14
-4936
2
-4935
-5
-4935
0
-4937
7
-4934
-1
-4934
5
-4935
2
-4937
-16
-4937
-2
-4936
3
-4936
2
-4936
-4
-4937
-5
-4935
3
-4935
-4
-4936
-5
-4938
-15
-4935
-3
-4936
-10
-4936
-7
-4935
-4
-4936
-4
-4936
-3
-4934
0
-4935
-13
-4935
-2
-4935
-5
-4934
-5
-4934
-11
-4935
-2
-4935
3
-4936
2
-4936
-6
-4937
-7
-4936
-2
-4935
-9
-4936
-4
-4936
0
-4937
-6
-4936
4
-4935
1
-4934
7
-4932
4
-4932
-6
-4936
-1
-4937
12
-4935
5
-4936
-4
-4936
-3
-4937
-11
-4936
0
-4937
-1
-4936
3
-4934
13
-4936
8
-4935
-4
-4934
-4
-4935
2
-4936
2
-4934
4
-4936
3
-4938
3
-4935
4
-4934
-6
-4935
2
-4935
5
-4936
10
-4934
9
-4935
0
-4936
6
-4935
9
-4936
-9
-4935
-1
-4935
-6
-4935
8
-4936
-6
-4935
6
-4935
-8
-4935
5
-4934
6
-4933
6
-4936
-2
-4937
5
-4936
-1
-4934
-2
-4935
9
-4936
1
-4937
-2
-4936
3
-4935
7
-4932
15
-4934
-1
-4934
-7
-4935
3
-4934
6
-4936
3
-4936
-7
-4934
3
-4936
10
-4936
-3
-4936
-2
-4936
2
-4937
2
-4934
0
-4936
6
-4936
-7
-4937
2
-4935
-5
-4936
3
-4936
6
-4935
4
-4936
1
-4936
1
-4935
-8
-4934
2
-4937
7
-4934
0
-4933
5
-4936
-9
-4936
-2
-4934
12
-4937
-9
-4936
-4
-4937
0
-4934
-1
-4934
2
-4936
-6
-4936
-3
-4934
-7
-4935
6
-4934
7
-4936
18
-4936
8
-4934
-10
-4935
-4
-4935
5
-4935
8
-4938
25
-4932
13
-4934
10
-4933
8
-4935
2
-4935
-5
-4935
10
-4934
-7
-4934
-17
-4936
-5
-4935
-6
-4936
-4
-4934
6
-4936
11
-4936
5
-4935
-10
-4936
-9
-4935
-5
-4936
0
-4935
-5
-4934
1
-4936
3
-4934
-11
-4936
11
-4936
-3
-4936
2
-4935
7
-4937
7
-4936
12
-4936
-2
-4937
2
-4935
-8
-4935
-1
-4936
3
-4936
0
-4933
0
-4935
-17
-4937
3
-4936
-20
-4936
-1
-4937
-1
-4934
0
-4935
9
-4935
-5
-4936
-2
-4934
-2
-4935
-2
-4936
-17
-4935
2
-4933
5
-4933
8
-4933
-3
-4935
1
-4937
1
-4935
7
-4938
2
-4936
-4
-4936
-6
-4935
-6
-4936
4
-4935
1
-4937
14
-4935
11
-4935
0
-4935
0
-4935
-9
-4935
-3
-4936
-2
-4935
2
-4934
1
-4936
2
-4935
6
-4935
-2
-4935
-13
-4937
-4
-4934
-2
-4936
-8
-4934
1
-4935
-3
-4934
2
-4936
-9
-4935
-3
-4934
-4
-4934
-6
-4934
-1
-4935
-9
-4935
2
-4935
9
-4937
-6
-4936
0
-4935
16
-4937
-3
-4935
-3
-4935
-5
-4934
5
-4936
3
-4937
4
-4937
1
-4933
-2
-4935
-2
-4934
-4
-4936
1
-4934
-4
-4935
-4
-4936
-5
-4936
4
-4935
-9
-4936
-3
-4935
-18
-4934
-16
-4935
-2
-4936
-6
-4936
2
-4934
-1
-4936
-1
-4936
-5
-4935
-13
-4934
-1
-4937
3
-4935
-9
-4935
-16
-4937
-4
-4936
2
-4935
-5
-4934
-3
-4937
-5
-4935
-11
-4936
-5
-4937
1
-4935
6
-4934
5
-4934
12
-4935
3
-4935
-3
-4933
7
-4934
8
-4934
0
-4935
3
-4936
-10
-4935
-13
-4936
-6
-4935
-1
-4935
-4
