-4951
-17
-4950
-22
-4949
-24
-4951
-25
-4947
-24
-4953
-24
-4953
-26
-4953
-11
-4951
-18
-4951
-27
-4951
-15
-4951
-23
-4951
-23
-4953
-17
-4952
-20
-4950
-18
-4951
-10
-4953
-8
-4953
-23
-4951
-17
-4951
-12
-4954
-17
-4953
-11
-4951
-20
-4951
-22
-4952
-29
-4953
-30
-4952
-24
-4953
-28
-4951
-41
-4953
-38
-4951
-37
-4952
-24
-4952
-3
-4952
-18
-4952
-28
-4953
-22
-4953
-24
-4951
-24
-4952
-27
-4951
-32
-4952
-30
-4952
-28
-4949
-20
-4948
-26
-4951
-15
-4952
-29
-4952
-23
-4953
-32
-4953
-25
-4950
-25
-4953
-19
-4953
-14
-4952
-22
-4952
-23
-4953
-18
-4953
-22
-4952
-14
-4952
-9
-4950
-10
-4951
-25
-4952
-18
-4950
-23
-4952
-18
-4951
-20
-4951
-27
-4954
-26
-4951
-25
-4951
-23
-4953
-14
-4952
-21
-4950
-21
-4953
-16
-4952
-2
-4953
-15
-4951
-19
-4953
-23
-4952
-21
-4950
-24
-4952
-23
-4952
-32
-4951
-17
-4952
-18
-4953
-25
-4952
-27
-4952
-13
-4951
-23
-4949
-22
-4951
-32
-4952
-27
-4951
-30
-4952
-20
-4951
-23
-4952
-19
-4950
-12
-4953
-20
-4952
-19
-4953
-19
-4953
-19
-4953
-25
-4951
-23
-4950
-31
-4951
-15
-4952
-24
-4952
-20
-4952
-26
-4951
-18
-4952
-20
-4952
-23
-4952
-24
-4951
-25
-4953
-23
-4951
-17
-4953
-22
-4950
-22
-4952
-17
-4951
-20
-4952
-28
-4952
-20
-4953
-13
-4953
-20
-4952
-26
-4952
-18
-4951
-24
-4953
-17
-4952
-15
-4951
-31
-4951
-18
-4952
-9
-4948
-2
-4951
-20
-4952
-17
-4951
-11
-4953
-27
-4950
-19
-4952
-18
-4952
-21
-4950
-15
-4952
-26
-4952
-31
-4953
-29
-4951
-27
-4951
-31
-4951
-25
-4954
-19
-4951
-16
-4952
-20
-4953
-21
-4952
-25
-4951
-19
-4952
-12
-4953
-16
-4954
-22
-4952
-24
-4952
-27
-4952
-23
-4954
-18
-4950
-24
-4952
-24
-4951
-10
-4953
-15
-4952
-31
-4953
-32
-4952
-17
-4952
-20
-4952
-29
-4952
-14
-4952
-13
-4950
-25
-4950
-14
-4951
-32
-4951
-24
-4950
-18
-4949
-18
-4950
-28
-4951
-28
-4952
-23
-4953
-24
-4953
-12
-4952
-21
-4953
-22
-4952
-20
-4952
-14
-4953
-22
-4953
-15
-4952
-13
-4953
-15
-4953
-25
-4952
-25
-4951
-17
-4951
-14
-4952
-17
-4953
-15
-4950
-13
-4954
-6
-4950
42
-4950
-13
-4951
-16
-4949
19
-4951
-9
-4953
-8
-4951
-18
-4950
-18
-4951
-9
-4951
-20
-4950
-16
-4952
-22
-4951
-26
-4951
-17
-4950
-7
-4953
0
-4951
-10
-4950
-8
-4953
-18
-4950
10
-4949
5
-4947
-2
-4952
-9
-4952
-38
-4951
-10
-4952
-17
-4950
-17
-4952
-19
-4951
-38
-4951
-24
-4951
-34
-4950
-23
-4954
3
-4951
-12
-4951
-2
-4949
-14
-4950
-18
-4952
-26
-4952
-36
-4951
-16
-4950
-17
-4950
-11
-4953
-19
-4950
-18
-4950
-19
-4952
-3
-4953
-18
-4951
-22
-4951
-44
-4951
-33
-4953
-23
-4949
-21
-4952
-24
-4953
-16
-4952
-26
-4950
-11
-4950
-29
-4950
-39
-4951
-12
-4950
-30
-4953
-5
-4953
-18
-4952
-18
-4953
-15
-4947
-27
-4947
-12
-4949
-19
-4949
-54
-4951
-9
-4951
-9
-4950
-3
-4952
-28
-4952
-21
-4951
-28
-4950
-6
-4950
-12
-4952
-27
-4950
-22
-4951
-21
-4953
-12
-4950
-3
-4951
-16
-4951
-15
-4952
-21
-4951
-26
-4950
-34
-4949
-17
-4951
-3
-4951
-22
-4951
-30
-4951
-24
-4950
-34
-4950
-15
-4949
-18
-4951
-25
-4950
-29
-4950
-13
-4952
-16
-4950
-28
-4952
-9
-4953
-19
-4953
-21
-4953
-16
-4951
-25
-4951
-18
-4950
-17
-4952
-29
-4948
-26
-4949
-30
-4950
-36
-4951
-23
-4951
-24
-4951
-28
-4952
-26
-4953
-27
-4953
-21
-4953
-17
-4952
-3
-4951
-17
-4949
-14
-4951
-26
-4950
-34
-4951
-19
-4951
-22
-4952
-27
-4953
-11
-4954
-22
-4951
-17
-4951
-18
-4951
-11
-4951
-18
-4949
-9
-4953
-7
-4951
-21
-4950
-15
-4950
-23
-4950
-11
-4952
-21
-4952
-12
-4951
-12
-4951
-14
-4951
-16
-4951
-11
-4956
-21
-4951
-24
-4949
-18
-4951
-15
-4951
-24
-4950
-32
-4951
-29
-4948
-26
-4950
-13
-4950
-4
-4951
-10
-4950
-18
-4952
-27
-4952
-13
-4951
-21
-4952
-23
-4950
-20
-4950
-19
-4952
-13
-4951
-15
-4950
-21
-4951
-14
-4950
-19
-4953
-15
-4950
-25
-4951
-29
-4952
-18
-4953
-12
-4950
-24
-4950
-18
-4947
-12
-4953
-23
-4951
-29
-4952
-20
-4951
-19
-4952
-21
-4950
-17
-4952
-13
-4952
-29
-4949
-19
-4953
-13
-4951
-5
-4950
-12
-4951
-14
-4949
-16
-4950
-19
-4950
-35
-4949
1
-4952
-24
-4950
-21
-4950
-40
-4949
-36
-4948
-17
-4950
-31
-4951
-26
-4951
-17
-4951
-31
-4952
-8
-4950
-33
-4952
-25
-4952
-22
-4951
-26
-4950
-29
-4950
-19
-4952
-23
-4949
-16
-4949
-34
-4953
-36
-4952
-18
-4953
-15
-4953
-19
-4953
-17
-4949
-9
-4952
-9
-4951
-11
-4950
-24
-4952
-18
-4950
-29
-4950
-15
-4950
-8
-4953
-20
-4950
-27
-4954
-38
-4949
-13
-4950
-9
-4951
-25
-4952
-22
-4951
-38
-4956
-29
-4952
-25
-4953
-22
-4950
-8
-4951
-24
-4948
-18
-4947
-15
-4948
-13
-4952
-28
-4948
-22
-4952
-19
-4949
-22
-4952
-23
-4949
-19
-4949
-25
-4951
-35
-4950
-30
-4951
-14
-4951
-15
-4951
-22
-4950
-28
-4951
-12
-4949
-16
-4952
-30
-4950
-14
-4951
-23
-4951
-15
-4952
-24
-4951
-25
-4950
-22
-4950
-28
-4950
-31
-4952
-22
-4952
-23
-4953
-19
-4951
-23
-4951
-5
-4951
-13
-4949
-17
-4952
-28
-4950
-24
-4951
-14
-4952
-12
-4951
-19
-4951
-30
-4952
-15
-4952
-6
-4952
-23
-4947
-20
-4948
-16
-4949
-32
-4949
-15
-4950
-28
-4951
-7
-4952
-8
-4951
-2
-4951
-23
-4951
-16
-4952
-12
-4952
-12
-4951
-20
-4952
-22
-4951
-11
-4950
-11
-4953
-31
-4952
-26
-4951
-35
-4952
-21
-4950
-12
-4951
-44
-4950
-18
-4950
-38
-4950
-32
-4951
-29
-4950
-13
-4950
-27
-4952
-23
-4947
-16
-4954
-12
-4953
-22
-4949
-23
-4953
-18
-4949
-23
-4950
-21
-4952
-32
-4951
-28
-4952
-14
-4950
-21
-4952
-22
-4951
-32
-4950
-28
-4949
-25
-4949
-31
-4951
-25
-4953
-26
-4950
-18
-4956
-27
-4959
-29
-4945
-28
-4949
-20
-4949
-11
-4952
-25
-4949
-21
-4954
-20
-4948
-13
-4952
-24
-4947
-31
-4951
-12
-4953
-29
-4951
-22
-4952
-20
-4952
-22
-4950
-20
-4952
-14
-4954
-25
-4951
-18
-4951
-16
-4950
-17
-4950
-9
-4952
-11
-4951
-10
-4951
-16
-4950
-17
-4949
-24
-4950
-20
-4951
-28
-4951
-32
-4947
-26
-4950
-39
-4950
-25
-4951
-6
-4952
-21
-4951
-13
-4949
-21
-4948
-27
-4949
-22
-4947
-20
-4953
-36
-4946
-32
-4953
-26
-4953
-23
-4951
-27
-4951
-38
-4950
-21
-4951
-7
-4952
-24
-4950
-17
-4951
-23
-4957
-17
-4951
-14
-4954
-20
-4951
-18
-4950
-22
-4950
-3
-4951
-23
-4951
-15
-4952
-3
-4951
34
-4949
14
-4950
-52
-4951
3
-4950
-21
-4952
-16
-4947
-4
-4952
23
-4951
-18
-4952
-46
-4950
-23
-4950
-15
-4950
-6
-4949
-23
-4949
-6
-4949
-22
-4952
-17
-4949
-24
-4952
-22
-4950
-27
-4947
-31
-4949
-15
-4949
-2
-4950
-13
-4950
-14
-4950
-19
-4951
-14
-4951
-11
-4949
-8
-4949
-15
-4949
-15
-4950
-6
-4951
-12
-4950
-1
-4950
-1
-4950
-2
-4953
-9
-4949
-15
-4950
-24
-4950
-24
-4950
-16
-4952
-33
-4950
-16
-4953
-19
-4950
-5
-4953
-25
-4953
-18
-4951
1
-4951
-14
-4951
-3
-4951
-9
-4952
10
-4951
-6
-4951
-23
-4951
-15
-4950
-13
-4949
-14
-4952
-19
-4949
-17
-4952
-20
-4951
-23
-4949
-29
-4951
-17
-4951
-16
-4948
-24
-4950
-22
-4949
-28
-4947
-21
-4952
-18
-4950
-18
-4954
-13
-4951
-19
-4949
-29
-4952
-25
-4950
-20
-4949
-7
-4951
-17
-4949
-14
-4949
-23
-4950
-18
-4950
-16
-4948
-17
-4950
-22
-4952
-18
-4951
-21
-4952
-30
-4951
-11
-4949
0
-4950
0
-4951
-16
-4949
-12
-4951
12
-4948
-26
-4951
-23
-4950
-5
-4952
-42
-4952
-21
-4951
-14
-4951
-22
-4948
-10
-4952
-18
-4951
-15
-4950
-19
-4950
-25
-4950
-23
-4950
-33
-4950
6
-4948
-21
-4948
-21
-4950
-25
-4950
-11
-4953
-2
-4950
-7
-4949
-8
-4950
-23
-4949
-6
-4952
-29
-4948
-16
-4950
-20
-4951
-3
-4949
-30
-4950
-24
-4949
-38
-4952
1
-4950
0
-4950
-31
-4950
0
-4950
-14
-4952
-26
-4947
32
-4950
24
-4950
-23
-4950
-13
-4948
2
-4950
24
-4953
-18
-4949
-7
-4952
-2
-4951
-12
-4951
-24
-4952
-20
-4952
-29
-4950
-3
-4952
-13
-4952
-8
-4948
33
-4952
-9
-4950
-25
-4951
-34
-4951
-40
-4952
-15
-4947
-11
-4949
109
-4949
17
-4947
-29
-4949
7
-4948
15
-4951
-18
-4951
-36
-4950
-57
-4950
-23
-4950
-20
-4948
-31
-4950
-12
-4952
-32
-4954
-35
-4949
-29
-4949
-19
-4950
-16
-4953
-28
-4948
-16
-4950
-7
-4951
-31
-4948
-30
-4950
-22
-4952
-17
-4950
-10
-4950
-22
-4953
-24
-4950
-28
-4948
-27
-4949
-3
-4954
-26
-4952
-12
-4951
-21
-4950
-15
-4950
-6
-4950
-23
-4950
-30
-4949
-24
-4951
-19
-4948
-26
-4950
-16
-4950
-24
-4950
-26
-4948
-22
-4946
-19
-4948
-7
-4953
-22
-4949
-21
-4951
-20
-4949
-22
-4950
-16
-4951
-22
-4950
-16
-4948
-21
-4949
-21
-4953
-31
-4948
-25
-4947
-18
-4951
-14
-4949
-22
-4949
-20
-4948
-8
-4951
-15
-4950
-17
-4950
-12
-4949
-19
-4949
-37
-4950
-27
-4949
-28
-4950
-27
-4954
-14
-4954
-14
-4953
-28
-4953
-34
-4956
-38
-4954
-23
-4953
-8
-4960
-20
-4956
-1
-4957
-12
-4956
-28
-4960
-18
-4961
-19
-4960
-26
-4965
-19
-4965
-12
-4962
-18
-4960
-26
-4964
-17
-4960
-29
-4966
-25
-4961
-29
-4965
-18
-4965
-42
-4960
-20
-4962
-33
-4970
-31
-4966
-21
-4967
-12
-4968
-30
-4968
-21
-4970
-21
-4968
-20
-4970
-21
-4982
-23
-4971
-13
-4974
-16
-4969
-22
-4968
-11
-4971
-12
-4968
-28
-4974
-34
-4968
-25
-4972
-19
-4966
-17
-4973
-31
-4971
-26
-4976
-17
-4976
-12
-4975
-30
-4979
-27
-4976
-23
-4978
-35
-4978
-20
-4977
-20
-4980
-25
-4978
-28
-4983
-18
-4975
-26
-4975
-23
-4978
-17
-4977
-26
-4984
-17
-4990
-15
-4997
-25
-4986
-22
-4990
-21
-4992
-24
-4988
-21
-4978
-23
-4995
-31
-4998
-19
-5007
-26
-4998
-17
-5000
-18
-5004
-21
-5003
-30
-5009
-26
-5006
-27
-5001
-29
-5007
-16
-5024
-11
-5017
-11
-5016
-23
-5016
-27
-5020
-22
-5020
-20
-5022
-25
-5022
-29
-5019
-22
-5024
-17
-5023
-21
-5022
-10
-5025
-20
-5029
-24
-5029
-16
-5031
-33
-5033
-33
-5037
-28
-5037
-24
-5040
-16
-5044
-32
-5045
-18
-5046
-27
-5050
-20
-5056
-21
-5056
-15
-5060
-23
-5060
-40
-5065
-27
-5069
-36
-5070
-28
-5071
-20
-5076
-19
-5078
-21
-5079
-30
-5085
-18
-5087
-38
-5088
-27
-5092
-27
-5095
-24
-5095
-17
-5098
-11
-5099
-22
-5100
-21
-5106
-19
-5108
-31
-5110
-22
-5115
-16
-5116
-28
-5118
-26
-5119
-11
-5124
-34
-5125
-28
-5128
-20
-5132
-27
-5132
-20
-5137
-32
-5135
-26
-5138
-29
-5141
-23
-5141
-18
-5143
-52
-5144
-25
-5138
-15
-5143
-16
-5143
-14
-5148
-25
-5147
-21
-5151
-40
-5150
-20
-5153
-36
-5153
30
-5155
-19
-5156
-42
-5157
-47
-5155
-20
-5155
-28
-5156
-28
-5153
-39
-5153
-27
-5156
-28
-5153
-22
-5156
-21
-5151
-3
-5148
-2
-5147
-23
-5146
-25
-5141
-49
-5142
-16
-5138
-13
-5135
-34
-5132
-23
-5130
-20
-5119
-26
-5113
-18
-5119
-23
-5118
-24
-5105
-25
-5109
-25
-5106
-18
-5103
-22
-5106
-36
-5100
-24
-5087
-34
-5092
-31
-5094
-19
-5086
-39
-5078
-23
-5079
-19
-5078
-25
-5073
-1
-5074
-6
-5068
-21
-5064
-4
-5057
-38
-5056
-33
-5054
-31
-5046
-12
-5041
-35
-5041
-32
-5037
-26
-5035
-14
-5028
-24
-5026
-21
-5016
-19
-5014
-25
-5011
-15
-5005
-11
-5004
-18
-4998
-25
-4997
-22
-4995
-20
-4990
-21
-4986
-2
-4985
-88
-4982
-16
-4979
-18
-4976
-16
-4973
-12
-4970
-3
-4969
-29
-4967
-29
-4964
-24
-4963
-28
-4963
7
-4961
-18
-4957
-9
-4957
-16
-4957
-20
-4952
-24
-4951
-25
-4950
-13
-4953
-19
-4954
-31
-4951
-7
-4951
-51
-4950
-33
-4945
-14
-4946
-20
-4932
-15
-4945
-17
-4948
-23
-4948
-13
-4947
-30
-4947
-8
-4949
-27
-4949
-22
-4945
-21
-4945
-12
-4949
-20
-4945
-18
-4945
-47
-4947
-35
-4948
-13
-4947
-40
-4946
-21
-4947
-22
-4946
-10
-4947
-18
-4948
-28
-4946
-23
-4947
-14
-4946
-3
-4947
-28
-4945
-30
-4945
-23
-4945
-10
-4947
-10
-4944
-16
-4949
-18
-4950
-14
-4945
-31
-4940
-17
-4946
-24
-4944
-21
-4950
-40
-4943
-39
-4946
-20
-4948
-19
-4944
-31
-4948
-12
-4947
-26
-4948
-24
-4947
-19
-4947
-18
-4949
-20
-4947
-27
-4947
-32
-4948
-21
-4947
-14
-4949
-11
-4945
-25
-4946
-30
-4947
-27
-4947
-29
-4947
-45
-4948
-8
-4947
-18
-4944
-21
-4948
-15
-4944
-6
-4950
-2
-4947
-7
-4946
-22
-4945
-23
-4949
-28
-4950
-23
-4947
-27
-4947
-8
-4944
13
-4948
-14
-4948
-11
-4949
-27
-4947
-17
-4947
-36
-4947
-21
-4946
-24
-4945
-30
-4942
-19
-4949
-25
-4947
-48
-4948
-29
-4948
1
-4947
-22
-4947
-22
-4948
-31
-4945
-10
-4948
-18
-4949
-24
-4950
-28
-4947
-27
-4947
-14
-4948
-20
-4946
1
-4945
-27
-4947
-29
-4946
-16
-4947
-22
-4947
-21
-4949
-21
-4945
-19
-4946
-25
-4947
-10
-4946
-22
-4946
-28
-4948
-14
-4951
-12
-4949
-19
-4947
-17
-4945
-19
-4949
-28
-4946
-13
-4947
-25
-4947
-18
-4947
-28
-4947
-36
-4946
-20
-4947
-18
-4947
-25
-4945
-16
-4944
-19
-4945
-16
-4947
-13
-4946
-10
-4947
6
-4947
-10
-4947
-13
-4945
-11
-4948
4
-4948
-9
-4949
-8
-4948
-14
-4948
-37
-4947
-26
-4948
-31
-4945
-28
-4947
-9
-4948
-18
-4948
-25
-4946
-16
-4948
-10
-4951
-22
-4947
-34
-4949
-27
-4947
-22
-4947
-32
-4948
-26
-4947
-21
-4945
-17
-4944
-24
-4946
-24
-4948
-45
-4948
-11
-4945
-23
-4949
-46
-4947
-21
-4945
-17
-4948
4
-4948
-29
-4946
-11
-4946
-10
-4944
-19
-4941
-17
-4946
-14
-4943
-16
-4945
-19
-4949
-9
-4947
-19
-4949
-2
-4949
-24
-4945
-27
-4945
-34
-4947
-17
-4947
-29
-4945
-17
-4947
-27
-4947
-18
-4944
-4
-4952
-3
-4949
-29
-4948
-12
-4946
-25
-4950
-25
-4947
-30
-4946
-21
-4948
-31
-4944
-8
-4946
-11
-4945
-23
-4947
-25
-4946
-36
-4946
-9
-4947
-29
-4949
-26
-4946
-31
-4947
-21
-4947
-37
-4944
-43
-4949
-4
-4948
-20
-4951
-15
-4946
-13
-4946
-31
-4949
-23
-4947
-32
-4945
-31
-4944
-11
-4944
-8
-4948
-21
-4948
-27
-4948
-18
-4948
-4
-4945
-21
-4944
-11
-4944
-6
-4944
3
-4947
0
-4944
-9
-4948
-14
-4949
-18
-4946
-9
-4947
6
-4947
-7
-4946
-25
-4947
-24
-4947
-30
-4945
-23
-4947
-14
-4946
-13
-4945
-15
-4949
-15
-4946
-35
-4945
-34
-4951
-24
-4948
-35
-4946
-34
-4949
-33
-4947
-11
-4947
-16
-4946
-14
-4950
-13
-4949
-24
-4948
-26
-4948
3
-4947
-24
-4947
-2
-4946
-15
-4945
-33
-4946
-27
-4944
-13
-4947
-18
-4947
-28
-4948
-14
-4946
-18
-4948
-31
-4947
-27
-4948
-28
-4946
-29
-4947
-31
-4945
-8
-4948
-21
-4948
-12
-4947
-18
-4947
-30
-4948
-11
-4946
-11
-4948
-7
-4946
-25
-4947
-17
-4947
-35
-4947
-44
-4947
-64
-4947
-16
-4947
-9
-4944
13
-4944
-38
-4945
-17
-4949
-42
-4950
-12
-4947
-12
-4947
-23
-4948
-20
-4946
-12
-4945
-18
-4950
-28
-4947
-20
-4947
-29
-4947
-55
-4948
-14
-4945
-37
-4945
-24
-4945
-26
-4947
-15
-4945
-23
-4944
-23
-4950
-4
-4947
-9
-4949
-18
-4949
-39
-4947
-18
-4946
-30
-4948
-36
-4945
-22
-4948
-14
-4948
-3
-4949
-19
-4947
56
-4945
-52
-4946
-1
-4947
-25
-4950
-19
-4943
-13
-4948
-3
-4948
-18
-4949
-20
-4946
-14
-4946
-24
-4947
-9
-4946
-3
-4947
-12
-4945
-20
-4945
-18
-4945
-15
-4947
8
-4946
3
-4950
-17
-4947
-24
-4944
-35
-4949
-26
-4948
-30
-4946
-15
-4949
-25
-4947
-42
-4947
-21
-4947
-29
-4945
-11
-4945
-32
-4946
-26
-4945
-23
-4943
-15
-4943
-19
-4946
-15
-4947
-23
-4948
-29
-4947
-18
-4944
-30
-4947
-12
-4946
-17
-4946
-18
-4945
-2
-4948
-21
-4948
-18
-4950
-28
-4947
-28
-4949
-23
-4947
-21
-4949
-17
-4949
-16
-4947
-17
-4948
-28
-4945
-18
-4947
-6
-4948
-25
-4948
-26
-4947
-29
-4948
-32
-4946
-28
-4947
-23
-4945
-30
-4948
-21
-4946
-27
-4948
-19
-4948
-32
-4945
-28
-4946
-13
-4949
-25
-4947
-4
-4948
-22
-4947
-12
-4945
-13
-4943
-19
-4946
-13
-4947
-13
-4947
-13
-4948
-17
-4945
-17
-4947
-18
-4949
-23
-4945
-4
-4945
-17
-4946
-13
-4946
-12
-4947
-10
-4948
-18
-4947
-11
-4949
-22
-4945
-16
-4949
-26
-4947
-9
-4945
-12
-4950
-26
-4944
-22
-4949
-23
-4945
-21
-4945
-11
-4946
-16
-4944
-23
-4948
-26
-4947
-18
-4945
-25
-4945
-24
-4946
-20
-4946
-21
-4945
-26
-4947
-28
-4947
-22
-4947
-14
-4945
-12
-4945
-18
-4947
-27
-4947
-35
-4949
-29
-4942
-25
-4945
-23
-4947
-20
-4949
-19
-4945
-18
-4944
-21
-4947
-7
-4947
-9
-4944
-22
-4946
-23
-4947
-25
-4944
-18
-4947
-22
-4948
-19
-4947
-20
-4948
-8
-4949
-8
-4949
-13
-4947
-10
-4943
-15
-4947
-18
-4946
-16
-4943
-32
-4948
-12
-4950
-18
-4947
-25
-4947
-27
-4945
-14
-4946
-23
-4947
-21
-4947
-21
-4943
-20
-4949
-27
-4946
-22
-4946
-31
-4948
-32
-4944
-17
-4946
-20
-4947
-23
-4945
-15
-4947
-21
-4950
-14
-4947
-19
-4944
-15
-4946
-28
-4944
-23
-4946
-19
-4945
-24
-4948
-6
-4947
-17
-4944
-9
-4948
-12
-4948
-16
-4950
-26
-4948
-24
-4946
-13
-4948
-26
-4948
-9
-4947
-6
-4946
-9
-4950
-14
-4947
-22
-4948
-14
-4943
-18
-4945
-17
-4949
-17
-4948
-6
-4947
-25
-4952
-26
-4953
-17
-4957
-13
-4955
-16
-4957
-5
-4953
-10
-4956
-18
-4955
-6
-4956
-11
-4958
-26
-4956
-26
-4956
-13
-4955
-26
-4957
-12
-4962
-27
-4959
1
-4960
-17
-4959
-21
-4957
-34
-4957
-28
-4960
-20
-4959
-24
-4957
-27
-4958
-53
-4959
-6
-4957
-11
-4958
-14
-4961
-11
-4961
-12
-4960
-17
-4961
5
-4962
-7
-4963
-22
-4962
-10
-4963
-26
-4964
-9
-4966
-9
-4963
-10
-4967
-14
-4966
-29
-4967
-2
-4964
-11
-4966
-13
-4970
27
-4972
-6
-4971
-10
-4973
-1
-4974
-11
-4974
-13
-4978
-28
-4981
-17
-4984
-3
-4984
-26
-4982
-18
-4984
-32
-4986
-19
-4990
-14
-4985
-31
-4985
-12
-4990
-22
-4992
-6
-4993
-40
-4993
-34
-4996
-23
-4995
-23
-5002
-23
-5001
-15
-5006
-28
-5003
-22
-5009
-17
-5009
-28
-5009
-33
-5008
-14
-5011
-15
-5012
-22
-5014
-19
-5014
-13
-5015
-19
-5016
-2
-5021
-21
-5017
-27
-5019
-18
-5019
-20
-5020
-17
-5020
-27
-5022
-28
-5024
-27
-5025
-32
-5025
-20
-5023
-32
-5025
-12
-5025
-11
-5028
-15
-5028
-21
-5030
-21
-5029
-23
-5028
-49
-5030
-37
-5030
-32
-5032
-22
-5029
-14
-5031
-14
-5036
-4
-5034
-21
-5033
-31
-5035
-18
-5032
-20
-5037
-5
-5038
-46
-5041
-5
-5041
-33
-5042
-35
-5044
-22
-5044
-22
-5043
-41
-5042
-29
-5046
-10
-5043
-32
-5046
-16
-5044
-14
-5047
16
-5046
-19
-5050
-21
-5053
-17
-5053
-15
-5054
-31
-5054
-12
-5058
-19
-5058
-29
-5060
-28
-5060
-42
-5061
-38
-5065
-6
-5068
-23
-5068
-6
-5070
0
-5074
-12
-5074
-26
-5081
-23
-5077
-20
-5077
-30
-5081
-86
-5085
-12
-5086
-11
-5085
-74
-5088
-10
-5088
-25
-5088
-19
-5087
-17
-5088
-13
-5092
-26
-5095
-12
-5096
-13
-5100
-10
-5098
-12
-5100
-18
-5100
-21
-5105
-15
-5105
-16
-5106
-4
-5107
-25
-5107
-11
-5108
-28
-5106
-21
-5109
-17
-5113
-18
-5112
-22
-5112
-5
-5115
-35
-5112
-8
-5117
-19
-5118
-17
-5117
-13
-5118
-19
-5112
-11
-5116
-14
-5118
-12
-5115
-12
-5115
-33
-5117
-11
-5114
-11
-5118
-26
-5123
-21
-5120
-21
-5123
-25
-5125
-22
-5124
-19
-5126
-5
-5127
-37
-5132
-17
-5125
-22
-5125
-18
-5130
-6
-5129
-17
-5134
-19
-5134
-11
-5135
-23
-5138
-17
-5139
-28
-5138
-11
-5143
-11
-5145
1
-5144
1
-5149
-15
-5146
-11
-5146
-24
-5150
-21
-5155
-15
-5153
-22
-5155
-18
-5159
-14
-5160
-5
-5161
-18
-5164
-22
-5164
-29
-5169
-23
-5165
-23
-5170
-14
-5170
-23
-5172
-23
-5171
-14
-5172
-7
-5173
-1
-5176
-14
-5173
-36
-5173
-38
-5173
-24
-5172
-45
-5173
-14
-5171
-32
-5171
-1
-5169
-12
-5168
-35
-5166
-17
-5166
-25
-5164
-25
-5167
-22
-5168
-12
-5171
-14
-5169
-37
-5172
-30
-5174
-23
-5178
-24
-5174
-23
-5175
-13
-5179
-36
-5176
-28
-5175
-31
-5178
-32
-5175
-22
-5176
-3
-5178
-15
-5175
-46
-5173
-56
-5172
-36
-5169
-37
-5168
-18
-5167
-7
-5167
-13
-5164
-29
-5161
-22
-5159
-11
-5159
-12
-5155
-25
-5153
-10
-5152
-26
-5152
-21
-5150
-18
-5146
-8
-5148
-23
-5145
-25
-5142
-31
-5143
-25
-5141
-14
-5135
-14
-5139
-14
-5132
-6
-5126
-19
-5126
-23
-5125
-8
-5120
-10
-5119
-10
-5113
-16
-5115
-20
-5108
-18
-5105
-20
-5098
-20
-5095
-24
-5089
-22
-5092
-18
-5085
-26
-5084
-21
-5082
-16
-5079
-39
-5075
-23
-5073
-23
-5069
-16
-5069
-20
-5067
-15
-5068
-25
-5065
-15
-5068
-3
-5058
-10
-5060
-22
-5056
-20
-5054
-19
-5051
-56
-5051
-27
-5046
-34
-5040
-21
-5036
-16
-5033
-31
-5031
-10
-5026
-18
-5020
-11
-5021
-23
-5013
-27
-5010
-15
-5005
-18
-5001
-25
-4993
-36
-4993
-14
-4989
-22
-4987
-25
-4985
-19
-4981
-12
-4979
-56
-4978
-20
-4973
-15
-4970
-76
-4970
-17
-4966
-23
-4963
-17
-4962
-10
-4960
-13
-4958
-22
-4956
-32
-4953
-31
-4953
-24
-4953
-11
-4950
-23
-4949
-25
-4948
-14
-4947
-33
-4949
-21
-4948
-25
-4947
-22
-4949
-23
-4946
-16
-4948
-27
-4945
-29
-4945
-19
-4947
-15
-4946
-27
-4947
-32
-4949
-23
-4948
-22
-4946
-12
-4948
-33
-4948
-25
-4947
12
-4948
-16
-4946
-15
-4943
3
-4944
-23
-4946
-19
-4948
-21
-4950
-23
-4947
-23
-4946
-30
-4942
-16
-4949
-29
-4946
-12
-4948
-19
-4947
-15
-4949
-17
-4947
-17
-4946
-20
-4945
-31
-4949
-21
-4948
-17
-4945
65
-4946
-5
-4945
-10
-4947
0
-4947
-6
-4947
-22
-4947
-13
-4946
-18
-4946
-42
-4947
-11
-4948
2
-4947
-27
-4947
-15
-4945
-13
-4948
-8
-4944
-2
-4945
26
-4944
-11
-4947
-32
-4942
18
-4945
-3
-4947
14
-4949
-1
-4948
-13
-4945
32
-4942
8
-4944
-24
-4944
-17
-4943
-3
-4947
2
-4945
1
-4947
-35
-4947
-32
-4944
-1
-4947
35
-4945
-2
-4945
-9
-4946
-16
-4946
9
-4948
4
-4949
-25
-4945
-13
-4948
-21
-4946
-28
-4946
-17
-4947
-9
-4945
-33
-4947
-23
-4945
-19
-4949
-9
-4945
-10
-4948
-17
-4950
-25
-4946
-27
-4947
-10
-4946
-27
-4947
-22
-4949
-15
-4946
-23
-4945
-22
-4946
28
-4949
-21
-4948
19
-4946
-23
-4947
15
-4947
-6
-4946
-20
-4949
-8
-4946
-14
-4949
-19
-4942
-24
-4945
-35
-4947
-23
-4947
-18
-4945
-19
-4944
-24
-4947
-25
-4945
-11
-4946
-9
-4948
-22
-4945
-25
-4948
-26
-4948
-21
-4947
-24
-4946
7
-4946
-2
-4944
-27
-4945
13
-4945
-18
-4947
-1
-4947
26
-4945
-12
-4945
-17
-4944
9
-4947
-17
-4949
-12
-4947
-25
-4944
11
-4946
-19
-4944
-3
-4946
-22
-4950
-16
-4942
-24
-4945
-6
-4945
-16
-4948
-30
-4946
30
-4946
40
-4948
-6
-4949
-31
-4951
-10
-4948
-17
-4945
-7
-4947
67
-4944
9
-4943
-3
-4945
-1
-4947
55
-4943
-23
-4946
8
-4947
-13
-4948
8
-4949
23
-4944
5
-4944
20
-4947
-19
-4947
-1
-4948
-25
-4947
-13
-4946
-22
-4944
-14
-4944
-10
-4943
15
-4945
18
-4945
-6
-4947
-14
-4949
25
-4945
1
-4947
-5
-4947
-15
-4943
-5
-4944
-16
-4946
-36
-4946
-14
-4947
-22
-4947
-4
-4944
-22
-4946
8
-4946
-9
-4947
-13
-4946
3
-4947
-9
-4949
-16
-4948
-22
-4946
-8
-4947
-3
-4946
-9
-4947
2
-4946
-35
-4948
-12
-4945
-9
-4945
-24
-4943
-16
-4943
-4
-4945
-11
-4947
-13
-4947
-12
-4947
28
-4946
-20
-4944
-7
-4948
-15
-4947
-13
-4946
-31
-4947
-4
-4943
-20
-4946
-23
-4947
-24
-4946
-26
-4947
-13
-4945
-21
-4947
-19
-4944
0
-4946
-14
-4947
-32
-4947
-26
-4945
-27
-4949
-12
-4947
-13
-4945
12
-4945
-4
-4945
-26
-4946
-16
-4945
-16
-4947
-30
-4951
-23
-4946
-17
-4948
-38
-4948
-14
-4946
-22
-4946
-16
-4946
-5
-4947
-8
-4946
3
-4946
-13
-4943
-20
-4944
-29
-4944
-27
-4947
-8
-4948
-16
-4945
-15
-4944
-20
-4945
-13
-4944
-1
-4946
-8
-4947
-31
-4945
57
-4945
-39
-4944
-36
-4948
40
-4945
34
-4946
-22
-4949
-23
-4947
-8
-4948
-25
-4945
-7
-4946
-10
-4948
-26
-4947
-17
-4947
-55
-4945
-1
-4946
-4
-4946
-15
-4945
-5
-4945
-22
-4947
-3
-4946
-5
-4947
-15
-4947
15
-4947
6
-4947
-11
-4947
-2
-4946
-13
-4948
-19
-4945
-27
-4946
-27
-4946
66
-4945
-26
-4946
-29
-4944
4
-4942
-8
-4944
3
-4945
12
-4947
5
-4946
-14
-4947
-39
-4949
-23
-4945
-12
-4948
-29
-4947
-24
-4947
20
-4949
-25
-4948
-12
-4946
-25
-4948
-17
-4945
11
-4944
-24
-4945
7
-4945
-8
-4945
-37
-4946
-27
-4947
-16
-4945
-16
-4945
-12
-4947
-24
-4945
-12
-4946
-6
-4947
-32
-4944
5
-4944
-25
-4946
-16
-4946
-6
-4946
-34
-4945
-21
-4944
-5
-4946
-8
-4946
-9
-4945
-16
-4944
-54
-4948
-7
-4947
0
-4945
-23
-4945
5
-4949
-13
-4944
0
-4944
-28
-4944
-6
-4947
-19
-4948
-30
-4945
-14
-4946
-4
-4946
-18
-4945
-23
-4946
13
-4949
-28
-4948
-13
-4947
-23
-4944
-27
-4947
-27
-4946
-32
-4947
-22
-4947
-21
-4947
-12
-4948
-27
-4946
-36
-4946
-17
-4948
-7
-4943
-13
-4945
-12
-4947
8
-4946
-14
-4947
14
-4945
-23
-4947
-6
-4943
-16
-4948
-25
-4946
-24
-4945
-15
-4950
-22
-4948
-15
-4947
-8
-4949
-7
-4946
-13
-4945
-9
-4948
-16
-4949
-12
-4949
-22
-4943
10
-4944
-16
-4945
-22
-4947
20
-4945
-6
-4947
-21
-4945
-16
-4944
-17
-4943
-33
-4948
-7
-4947
-3
-4946
-2
-4945
-12
-4947
-13
-4947
-19
-4944
-30
-4946
-17
-4946
-23
-4947
-17
-4946
-12
-4947
-13
-4947
-17
-4946
-23
-4946
-26
-4945
-6
-4946
-14
-4944
-7
-4948
-17
-4946
-7
-4951
-34
-4945
25
-4943
12
-4945
6
-4949
4
-4948
-3
-4947
-34
-4944
-16
-4944
-24
-4947
-29
-4946
-18
-4947
-24
-4951
-20
-4943
-25
-4944
-11
-4943
-17
-4945
-21
-4945
-76
-4945
25
-4945
8
-4946
-22
-4946
-7
-4947
-13
-4946
-35
-4946
-25
-4944
-16
-4945
-12
-4947
-2
-4947
-17
-4948
-20
-4947
-25
-4949
-19
-4944
-4
-4947
-18
-4943
-24
-4951
-13
-4947
-27
-4950
-28
-4941
-21
-4945
-14
-4949
-15
-4945
13
-4945
-16
-4945
-6
-4947
-7
-4947
-31
-4949
-20
-4949
-19
-4946
-9
-4946
-23
-4946
-37
-4946
-28
-4947
-4
-4945
-15
-4945
-14
-4951
12
-4948
-25
-4945
7
-4948
-14
-4943
2
-4945
-6
-4941
-12
-4946
-6
-4947
-5
-4947
-14
-4946
25
-4944
-25
-4944
-39
-4947
-18
-4948
-18
-4945
-4
-4946
-6
-4945
0
-4947
2
-4946
-16
-4946
-20
-4948
-29
-4946
-50
-4947
-10
-4946
1
-4945
23
-4946
-17
-4947
-4
-4948
12
-4946
-3
-4947
-20
-4947
-25
-4947
-15
-4946
-11
-4944
-15
-4944
-6
-4948
-17
-4944
-18
-4946
-4
-4946
4
-4944
-9
-4945
-23
-4946
-26
-4947
-35
-4948
-14
-4945
-28
-4946
-35
-4947
-22
-4946
-13
-4944
-13
-4945
-20
-4945
-25
-4947
-31
-4947
-25
-4946
-3
-4947
-20
-4947
-16
-4946
-24
-4946
-20
-4947
-27
-4946
-2
-4947
-15
-4945
-19
-4947
-14
-4948
-25
-4945
-22
-4945
-12
-4947
-19
-4947
-26
-4946
-21
-4948
-15
-4948
-15
-4944
-14
-4946
-32
-4946
-8
-4947
-29
-4944
-17
-4947
-38
-4945
-13
-4947
-12
-4947
-31
-4946
-18
-4948
8
-4945
-22
-4947
-26
-4945
-19
-4947
-21
-4946
-24
-4946
-15
-4947
-28
-4949
-39
-4950
-24
-4947
2
-4948
-15
-4948
-6
-4949
-17
-4952
-13
-4952
-23
-4950
-27
-4951
-21
-4953
-27
-4951
-16
-4952
-26
-4954
-11
-4957
-23
-4956
-24
-4957
-25
-4956
-16
-4957
-3
-4958
-6
-4961
-13
-4959
-12
-4959
-20
-4961
-11
-4964
-25
-4971
-41
-4967
-33
-4965
-26
-4970
-5
-4972
-23
-4969
-24
-4973
-20
-4971
-25
-4973
-18
-4974
-25
-4975
-19
-4977
-13
-4976
-12
-4977
-18
-4980
-17
-4978
-17
-4979
-3
-4982
-24
-4981
-11
-4982
-22
-4982
0
-4985
-3
-4981
-16
-4985
-10
-4989
-8
-4989
-4
-4991
-19
-4990
-30
-4989
-29
-4989
-18
-4994
-13
-4993
-15
-4990
-38
-4993
-21
-4994
-25
-4993
-2
-4994
-7
-4998
-27
-4998
-12
-4997
-21
-4999
-28
-5003
-15
-5001
-17
-5001
-15
-5000
-30
-5003
-20
-5005
-22
-5007
-20
-5007
-12
-5008
-16
-5012
-12
-5011
-15
-5016
-18
-5013
-19
-5019
-27
-5020
-22
-5023
-35
-5023
-32
-5027
-26
-5027
-9
-5030
-25
-5034
-5
-5036
-12
-5040
-10
-5039
-5
-5041
-11
-5040
-13
-5048
-10
-5043
-16
-5047
-33
-5051
-12
-5050
-28
-5051
-18
-5051
-31
-5053
-34
-5053
-19
-5050
-18
-5058
-4
-5061
-9
-5059
-17
-5060
-9
-5060
-7
-5064
-15
-5064
-21
-5067
-19
-5069
-23
-5070
-10
-5073
-21
-5072
-11
-5074
-9
-5076
-15
-5077
-11
-5076
-14
-5078
-14
-5081
-24
-5080
-23
-5083
-14
-5084
-13
-5083
-24
-5087
-25
-5088
-7
-5085
-9
-5087
-13
-5087
-9
-5091
-16
-5089
-28
-5090
-24
-5087
-11
-5089
-21
-5092
-17
-5092
-21
-5097
-29
-5096
-22
-5096
-22
-5101
-10
-5101
-16
-5101
-5
-5103
-18
-5105
-17
-5106
-14
-5105
-19
-5110
-18
-5111
-13
-5110
-28
-5111
-15
-5112
-10
-5112
-18
-5113
-34
-5116
-6
-5114
-29
-5118
-13
-5119
-26
-5120
-21
-5116
-23
-5119
-23
-5124
-38
-5122
-11
-5124
-3
-5124
-22
-5127
-20
-5129
-25
-5129
-11
-5132
-25
-5130
-15
-5140
-17
-5137
-20
-5138
-24
-5138
-16
-5144
-23
-5142
-27
-5140
-15
-5139
-19
-5139
-23
-5150
-22
-5150
-16
-5152
-14
-5154
-17
-5153
-14
-5148
-12
-5152
-14
-5147
-13
-5151
-18
-5151
-16
-5152
-8
-5150
-21
-5154
-18
-5151
-19
-5153
-8
-5152
-7
-5152
-11
-5155
-18
-5155
-22
-5157
-19
-5159
-17
-5159
-21
-5160
-10
-5159
-1
-5160
-17
-5160
-28
-5164
-28
-5164
-12
-5165
-19
-5168
-6
-5167
-19
-5163
-17
-5168
-33
-5171
-36
-5169
-25
-5171
-19
-5176
-60
-5174
-26
-5176
-23
-5177
-18
-5174
-15
-5176
-15
-5178
-10
-5180
-27
-5182
-6
-5180
-15
-5179
-34
-5179
-17
-5178
-20
-5178
-2
-5182
-27
-5182
-33
-5180
-31
-5179
-17
-5178
-13
-5177
-7
-5180
-11
-5180
-20
-5179
-32
-5178
-14
-5178
-22
-5177
-15
-5176
-16
-5178
-17
-5179
-7
-5178
-15
-5180
-9
-5178
-27
-5181
-18
-5180
-19
-5179
-26
-5181
-6
-5181
-25
-5181
-44
-5182
-28
-5180
-23
-5178
-22
-5176
-22
-5175
-11
-5171
-19
-5170
-25
-5169
-35
-5167
-35
-5157
-9
-5153
-9
-5151
-21
-5151
-3
-5147
-15
-5144
-21
-5141
-25
-5137
-26
-5133
-28
-5134
-6
-5134
-34
-5130
-24
-5128
-26
-5127
-27
-5123
1
-5118
-24
-5117
-29
-5111
-11
-5105
-1
-5098
-11
-5094
-32
-5085
-17
-5078
-27
-5071
-26
-5066
-24
-5060
0
-5050
-10
-5040
-22
-5034
-24
-5027
-16
-5019
-14
-5010
-14
-5003
-4
-4995
-18
-4992
-23
-4990
-31
-4981
-18
-4978
-22
-4969
-17
-4968
-29
-4961
-32
-4960
-20
-4952
-6
-4953
-22
-4948
-2
-4948
9
-4944
-16
-4946
-129
-4945
30
-4949
-4
-4948
-23
-4947
-22
-4946
-4
-4950
6
-4949
-24
-4950
-28
-4947
-7
-4949
-18
-4950
44
-4950
4
-4951
-19
-4951
-1
-4952
-21
-4949
-20
-4949
2
-4947
-32
-4948
-15
-4953
7
-4947
-11
-4949
-29
-4948
-17
-4949
-27
-4950
-13
-4952
-12
-4948
-19
-4950
-9
-4949
-1
-4947
-15
-4950
-7
-4948
-10
-4950
28
-4951
18
-4950
-3
-4947
-17
-4949
-19
-4950
-11
-4950
-14
-4950
-23
-4944
-22
-4949
-19
-4946
2
-4948
-2
-4948
-18
-4950
15
-4950
-1
-4951
-48
-4952
-10
-4953
-36
-4950
-15
-4948
-13
-4949
-32
-4949
-36
-4950
-21
-4951
-11
-4949
-19
-4948
13
-4952
-11
-4953
-10
-4948
-25
-4950
5
-4950
-13
-4953
-8
-4949
-28
-4948
-26
-4948
-31
-4952
-7
-4949
-30
-4951
-13
-4948
-7
-4949
-13
-4949
-10
-4948
-11
-4949
-30
-4950
-14
-4948
34
-4947
-33
-4947
11
-4950
22
-4949
8
-4949
-19
-4949
-12
-4949
-11
-4947
-35
-4949
11
-4948
-5
-4949
-13
-4949
20
-4949
-7
-4951
-23
-4950
-14
-4949
-18
-4951
-43
-4949
-16
-4948
1
-4951
-23
-4949
-15
-4948
21
-4948
5
-4948
-6
-4949
2
-4950
-39
-4946
-13
-4947
-10
-4950
-19
-4950
-18
-4948
-19
-4947
31
-4948
-6
-4950
-15
-4948
-24
-4951
-8
-4949
-13
-4950
-10
-4948
-20
-4950
-34
-4950
-19
-4949
-29
-4948
-61
-4948
-9
-4951
-11
-4950
-6
-4948
-23
-4948
-22
-4949
-2
-4949
-6
-4949
-25
-4944
-24
-4947
-29
-4945
-25
-4949
-11
-4949
-39
-4948
-28
-4949
-13
-4950
-33
-4949
-34
-4948
-13
-4950
-4
-4950
-20
-4950
-26
-4951
-30
-4947
-16
-4949
-40
-4950
-26
-4948
-18
-4952
-23
-4949
-8
-4950
4
-4950
-16
-4949
-26
-4948
-9
-4950
-17
-4948
-32
-4949
-8
-4949
-26
-4947
-7
-4948
-26
-4952
-28
-4947
-12
-4950
-17
-4950
-13
-4949
-23
-4947
-13
-4950
-16
-4950
-15
-4951
-19
-4948
-18
-4949
-7
-4947
-24
-4948
-33
-4950
-28
-4945
-23
-4948
-27
-4947
-18
-4952
-26
-4952
-6
-4947
-20
-4948
-17
-4950
-14
-4950
-16
-4948
-6
-4946
-7
-4945
-13
-4946
-5
-4949
-22
-4946
-39
-4949
-13
-4945
-11
-4952
-22
-4949
-17
-4950
-9
-4951
-12
-4948
-14
-4950
-17
-4948
-28
-4948
-20
-4948
-29
-4950
-8
-4948
-8
-4949
-7
-4950
-27
-4948
-22
-4946
-19
-4948
-15
-4946
2
-4950
-27
-4948
-19
-4947
-11
-4949
-23
-4950
-31
-4949
-23
-4947
-4
-4943
-37
-4949
-9
-4945
-21
-4944
-7
-4943
-5
-4949
-27
-4946
-8
-4949
-6
-4950
-3
-4950
-4
-4952
-30
-4947
-23
-4947
-11
-4945
-28
-4946
-38
-4951
-24
-4951
-17
-4947
-3
-4948
-10
-4949
-9
-4948
-10
-4949
-18
-4948
-20
-4949
-4
-4949
-2
-4947
-10
-4947
-19
-4950
-15
-4947
-8
-4947
-15
-4948
-16
-4948
-13
-4949
-11
-4947
-13
-4948
-19
-4949
4
-4948
-12
-4947
-22
-4949
-10
-4947
-13
-4947
-21
-4950
-22
-4948
-20
-4948
-9
-4949
-11
-4951
-21
-4947
-8
-4948
-6
-4946
-15
-4949
-36
-4948
-19
-4947
-17
-4950
-11
-4948
-8
-4949
-5
-4949
-4
-4946
2
-4948
-35
-4944
-3
-4948
-2
-4947
-8
-4947
-27
-4950
-19
-4948
1
-4947
-16
-4948
-17
-4948
-7
-4945
-21
-4947
-3
-4951
-8
-4949
-12
-4947
-16
-4949
-9
-4945
-13
-4949
-13
-4946
-6
-4951
-11
-4950
-14
-4947
-5
-4947
-33
-4948
-32
-4949
-8
-4942
-13
-4945
2
-4947
-3
-4949
8
-4948
-18
-4949
-14
-4948
-27
-4953
-16
-4942
1
-4944
-25
-4946
-20
-4944
-11
-4949
-22
-4948
-12
-4950
2
-4946
-9
-4949
-11
-4948
-17
-4945
-15
-4947
-6
-4947
-22
-4948
-11
-4949
-6
-4949
-24
-4948
-25
-4947
-16
-4948
-12
-4946
-23
-4949
-14
-4947
-1
-4947
-9
-4948
-11
-4949
-14
-4948
-25
-4949
0
-4949
-18
-4948
-8
-4950
-12
-4949
-17
-4948
-2
-4949
-54
-4945
-25
-4947
-23
-4949
-27
-4948
-21
-4947
-16
-4945
-20
-4947
-16
-4952
-27
-4950
-21
-4952
-16
-4947
5
-4947
-14
-4944
-5
-4946
-22
-4947
-17
-4948
-5
-4946
-11
-4956
-9
-4947
-13
-4950
-21
-4948
-21
-4947
-23
-4950
-16
-4954
-21
-4947
-22
-4946
-26
-4947
-23
-4950
-16
-4945
-22
-4948
-11
-4949
-14
-4951
-11
-4951
-27
-4953
-13
-4945
-17
-4949
-30
-4948
-11
-4949
-15
-4947
-24
-4946
-41
-4947
-21
-4950
-6
-4950
-27
-4948
-15
-4950
-30
-4947
-14
-4947
-28
-4948
-23
-4948
-18
-4946
-32
-4947
-29
-4950
-19
-4947
-23
-4951
-16
-4947
-21
-4947
-12
-4947
-8
-4946
-17
-4947
-19
-4948
-15
-4948
-23
-4948
-19
-4949
-25
-4949
-3
-4948
-3
-4949
13
-4949
-32
-4947
-42
-4948
-31
-4949
-18
-4947
-30
-4948
-24
-4950
-68
-4947
4
-4947
-17
-4947
-10
-4949
-7
-4950
-19
-4947
-18
-4948
-25
-4949
-29
-4948
-16
-4947
-2
-4947
-23
-4947
-18
-4945
-21
-4947
-20
-4947
-13
-4947
-35
-4950
-25
-4949
-20
-4950
-15
-4947
-12
-4947
-27
-4945
-24
-4945
-20
-4950
-17
-4949
-14
-4945
-23
-4950
-27
-4951
-24
-4948
-17
-4951
-29
-4952
-26
-4949
-29
-4945
-30
-4947
-28
-4949
-21
-4948
-26
-4947
-15
-4950
-29
-4947
-28
-4948
-30
-4945
-28
-4948
-37
-4948
-11
-4947
-15
-4951
-39
-4948
-31
-4948
-11
-4948
-24
-4949
-27
-4951
-12
-4949
-7
-4947
-9
-4949
-5
-4948
-14
-4948
-15
-4951
-18
-4949
-40
-4950
-1
-4947
-33
-4948
10
-4947
-29
-4948
-8
-4948
-25
-4950
-4
-4948
-14
-4948
26
-4949
-10
-4948
-9
-4948
-21
-4946
-11
-4945
-9
-4946
-9
-4949
-9
-4947
-5
-4948
-12
-4949
-23
-4949
-8
-4948
-17
-4947
-70
-4947
-33
-4950
-25
-4948
-30
-4951
-22
-4952
-18
-4948
-18
-4948
-19
-4955
-29
-4951
-26
-4946
-18
-4946
-23
-4950
-20
-4949
-18
-4953
-26
-4953
-7
-4949
-28
-4948
-17
-4949
-20
-4950
-28
-4949
-22
-4947
-29
-4948
-5
-4950
-13
-4947
-4
-4947
-15
-4947
-22
-4947
-21
-4944
-21
-4948
-44
-4948
-22
-4948
-12
-4947
-38
-4948
-13
-4945
-10
-4946
-17
-4947
-26
-4949
-21
-4948
-20
-4949
-15
-4947
-27
-4949
-7
-4949
-13
-4948
-18
-4948
-4
-4950
-16
-4948
-18
-4948
-16
-4948
-13
-4947
-23
-4947
-16
-4949
-17
-4949
-14
-4949
-10
-4949
-30
-4946
-8
-4949
-16
-4949
-18
-4949
-15
-4948
-21
-4946
-22
-4949
-14
-4950
-14
-4948
-20
-4947
-8
-4948
-25
-4947
-15
-4949
-29
-4950
-32
-4947
-32
-4947
-8
-4948
-19
-4946
-27
-4949
-14
-4949
-24
-4949
-10
-4950
-23
-4946
-20
-4946
-15
-4945
-18
-4948
-28
-4947
-10
-4948
-9
-4949
-14
-4950
-17
-4949
-3
-4950
-14
-4947
1
-4949
-25
-4950
-8
-4949
-12
-4948
-17
-4949
-23
-4949
-17
-4950
-23
-4949
-13
-4949
-29
-4949
-12
-4949
-15
-4949
-18
-4949
-35
-4948
-23
-4947
-11
-4948
-22
-4950
-24
-4946
-28
-4950
-13
-4949
-27
-4949
-33
-4950
-17
-4949
-21
-4948
-19
-4948
-18
-4947
-19
-4949
-13
-4949
-4
-4948
-24
-4949
-25
-4948
-18
-4947
-13
-4946
-25
-4948
-23
-4948
-33
-4950
-17
-4949
-16
-4949
-27
-4948
0
-4948
-25
-4948
-17
-4947
-24
-4950
-19
-4947
-21
-4947
-27
-4951
-27
-4950
-17
-4947
-13
-4949
-38
-4948
7
-4947
-14
-4948
-21
-4950
-20
-4950
-18
-4946
7
-4947
-34
-4949
-19
-4948
1
-4945
-18
-4948
-13
-4947
-22
-4946
-12
-4949
-21
-4948
-25
-4949
-6
-4947
-11
-4948
-15
-4948
14
-4947
-3
-4948
-6
-4949
-6
-4946
-14
-4947
-13
-4947
-21
-4949
-2
-4947
-10
-4942
-3
-4946
-26
-4942
-7
-4948
-28
-4947
-17
-4947
-8
-4947
-5
-4949
-31
-4947
-10
-4946
-18
-4946
-15
-4950
-7
-4948
-29
-4947
-24
-4948
-20
-4949
-21
-4950
-32
-4947
-13
-4949
-7
-4948
-21
-4947
-11
-4948
-34
-4950
-24
-4949
-26
-4949
-16
-4947
-24
-4949
-34
-4947
-17
-4948
-34
-4950
-4
-4949
-30
-4948
-17
-4949
-20
-4946
-28
-4946
-29
-4950
-36
-4948
-25
-4947
-11
-4947
-14
-4949
-7
-4949
-16
-4949
-29
-4948
-21
-4945
-12
-4947
-27
-4945
-34
-4947
-32
-4949
-12
-4950
-7
-4949
-8
-4948
-28
-4949
-20
-4947
-14
-4949
-15
-4949
-21
-4950
-22
-4948
-20
-4950
-18
-4950
-16
-4949
-12
-4949
-22
-4949
-31
-4949
-18
-4946
-32
-4947
-24
-4948
-36
-4947
-22
-4947
-24
-4949
-6
-4949
-14
-4949
-12
-4948
-19
-4948
-11
-4948
-12
-4952
-15
-4949
-4
-4948
-4
-4947
-2
-4949
-17
-4948
-23
-4950
-25
-4950
-15
-4946
-21
-4947
-9
-4947
-24
-4948
-18
-4948
-24
-4946
-25
-4946
-26
-4945
-21
-4946
-20
-4948
-14
-4948
-11
-4948
-17
-4949
-22
-4949
-1
-4949
-32
-4948
-18
-4948
-14
-4949
3
-4946
-27
-4946
-24
-4950
-14
-4948
-30
-4947
-13
-4949
-31
-4947
-24
-4947
-76
-4950
-10
-4947
-1
-4947
-33
-4948
-32
-4950
-22
-4949
-25
-4948
-30
-4949
-28
-4947
-23
-4948
-22
-4947
-9
-4949
-5
-4950
-27
-4947
-20
-4949
-16
-4949
-23
-4947
-16
-4949
-12
-4947
-23
-4944
-25
-4950
-27
-4948
-14
-4947
-24
-4947
-39
-4945
-10
-4945
-17
-4947
-28
-4948
-16
-4947
-14
-4949
-24
-4951
-19
-4950
-33
-4949
1
-4947
-10
-4944
1
-4948
-15
-4948
7
-4945
-25
-4949
-7
-4948
-18
-4948
-13
-4949
-7
-4947
-25
-4947
3
-4950
-9
-4947
-15
-4950
-7
-4947
7
-4949
6
-4951
-2
-4950
-12
-4949
-22
-4946
-20
-4946
-19
-4949
-32
-4949
-31
-4948
-42
-4947
-23
-4949
-12
-4948
-4
-4949
24
-4947
-18
-4949
-27
-4947
-27
-4947
2
-4948
-32
-4944
-19
-4944
-21
-4946
-27
-4947
-9
-4947
-21
-4949
-29
-4948
-20
-4947
-7
-4947
-16
-4949
-24
-4949
-23
-4945
-21
-4948
-19
-4948
-20
-4947
-24
-4945
-4
-4949
-23
-4950
-18
-4946
-20
-4951
-11
-4950
-20
-4949
-28
-4948
-11
-4948
16
-4947
-10
-4951
-12
-4948
-12
-4947
-19
-4949
-27
-4948
-20
-4946
-21
-4947
-13
-4946
-17
-4947
-36
-4950
-14
-4946
-26
-4947
-12
-4948
-19
-4949
-11
-4945
-39
-4948
-30
-4949
-30
-4950
-12
-4945
-17
-4944
-9
-4946
-4
-4949
-44
-4947
-22
-4947
-9
-4947
3
-4947
-15
-4950
1
-4949
-27
-4946
-4
-4949
-10
-4948
-34
-4948
-2
-4949
-13
-4948
31
-4949
-14
-4948
-8
-4949
-24
-4948
-15
-4949
-19
-4949
3
-4949
-14
-4949
0
-4951
-24
-4949
-22
-4947
-8
-4949
-19
-4947
-27
-4949
-12
-4949
-15
-4950
-34
-4948
-14
-4948
-23
-4945
-30
-4946
-7
-4945
-13
-4950
-20
-4949
-14
-4947
2
-4951
-31
-4947
-36
-4949
-19
-4950
-19
-4944
-16
-4947
3
-4947
-50
-4948
-12
-4949
-16
-4946
1
-4948
-9
-4946
-16
-4947
19
-4945
-8
-4946
-30
-4949
-18
-4949
-43
-4949
-17
-4948
-29
-4950
32
-4947
-12
-4947
-11
-4950
-23
-4947
-24
-4948
-22
-4949
-28
-4948
-12
-4950
-11
-4949
-35
-4950
-18
-4947
-26
-4949
17
-4947
2
-4948
-50
-4948
-1
-4948
-3
-4949
-8
-4947
-7
-4947
4
-4948
-20
-4945
-18
-4949
-21
-4950
-16
-4948
-8
-4948
-29
-4947
-2
-4949
-6
-4947
-9
-4947
-22
-4942
-11
-4945
-16
-4946
-8
-4944
-4
-4950
-7
-4948
-18
-4947
-4
-4947
-12
-4949
-21
-4948
-10
-4947
-3
-4947
-16
-4947
-4
-4948
-4
-4948
-9
-4948
-10
-4946
-11
-4946
-21
-4950
-24
-4948
-10
-4945
-14
-4948
-20
-4951
-19
-4949
-19
-4949
-33
-4947
-12
-4948
-12
-4948
-12
-4946
-8
-4949
-14
-4948
-8
-4948
-8
-4947
-10
-4946
-14
-4948
-16
-4947
-14
-4947
0
-4946
-13
-4949
-8
-4950
0
-4950
-12
-4948
-6
-4950
-3
-4947
-15
-4944
-13
-4944
-21
-4946
-17
-4948
-40
-4947
-30
-4945
-20
-4950
-2
-4948
1
-4950
-17
-4948
-22
-4950
-5
-4948
-31
-4950
-20
-4947
-19
-4947
-25
-4946
-31
-4950
-18
-4948
-15
-4950
-17
-4948
-6
-4947
0
-4946
-3
-4944
-23
-4947
-19
-4947
-22
-4948
8
-4947
-16
-4950
-20
-4950
-9
-4949
-12
-4949
-1
-4948
-12
-4948
-17
-4945
-31
-4948
-25
-4950
-12
-4947
-13
-4946
-22
-4950
-10
-4948
-18
-4948
-7
-4947
7
-4947
-10
-4947
2
-4944
-28
-4948
-6
-4944
-12
-4947
-6
-4948
-12
-4949
-14
-4950
-14
-4947
-5
-4950
-9
-4949
-23
-4948
-11
-4949
-24
-4945
-1
-4948
-17
-4947
-139
-4949
-29
-4948
-16
-4950
-34
-4947
-5
-4946
-10
-4948
-5
-4947
-6
-4949
-15
-4947
-8
-4947
-4
-4950
-36
-4946
-7
-4947
-12
-4947
-27
-4948
-5
-4949
-2
-4949
-24
-4949
-7
-4947
-10
-4948
-10
-4947
-10
-4947
-18
-4948
-23
-4947
-19
-4948
-9
-4952
-7
-4947
-24
-4950
-15
-4949
-23
-4944
-15
-4945
-8
-4948
-10
-4948
-14
-4950
-16
-4946
-18
-4946
-25
-4949
-13
-4952
-30
-4952
-13
-4952
-8
-4946
-23
-4947
-28
-4947
-14
-4950
1
-4948
-14
-4947
-15
-4947
-4
-4944
-11
-4948
-3
-4947
-14
-4948
-17
-4953
-11
-4946
-16
-4948
-21
-4948
-20
-4949
-13
-4947
-9
-4949
-17
-4947
-16
-4946
-12
-4947
-29
-4949
7
-4949
3
-4947
-1
-4949
-21
-4949
-9
-4947
-20
-4947
-23
-4950
-26
-4949
-27
-4947
-21
-4947
-24
-4948
-16
-4947
-21
-4945
-18
-4947
-16
-4947
-34
-4949
-12
-4948
-10
-4949
-15
-4949
-34
-4947
-21
-4949
2
-4947
-42
-4954
-32
-4947
-19
-4945
-17
-4949
-6
-4948
-17
-4946
13
-4949
-13
-4948
-6
-4949
-15
-4947
-25
-4949
-14
-4948
-16
-4949
-25
-4946
-6
-4946
-30
-4947
-6
-4949
-11
-4947
-17
-4948
-18
-4950
-23
-4949
-44
-4948
-62
-4948
12
-4947
11
-4950
-19
-4948
-15
-4947
16
-4947
5
-4947
-16
-4948
-25
-4947
-29
-4947
-25
-4947
-13
-4945
-8
-4946
-21
-4946
-21
-4948
-25
-4950
-23
-4947
-24
-4948
-17
-4948
-26
-4948
-11
-4948
-13
-4949
-22
-4949
-28
-4948
-15
-4950
-21
-4947
-15
-4948
-16
-4947
-26
-4947
-33
-4949
-18
-4947
-23
-4943
-28
-4946
-23
-4947
-27
-4945
-20
-4948
-11
-4949
-12
-4946
-18
-4946
-21
-4948
-15
-4948
-3
-4948
-22
-4950
-30
-4950
-13
-4949
-29
-4949
-21
-4948
-32
-4947
61
-4948
22
-4948
-17
-4947
-20
-4948
-31
-4947
-27
-4944
-14
-4946
6
-4946
-31
-4948
-31
-4945
-29
-4948
-18
-4943
-13
-4948
-21
-4950
-25
-4947
-10
-4947
-19
-4946
-23
-4947
-10
-4949
3
-4947
27
-4948
-17
-4948
-3
-4947
-3
-4948
-9
-4949
-17
-4946
-14
-4945
-23
-4948
-15
-4947
-25
-4948
-36
-4945
-24
-4946
-29
-4948
5
-4948
-25
-4948
-18
-4951
-13
-4949
-14
-4949
-13
-4950
-13
-4946
-13
-4943
-27
-4947
-22
-4947
-23
-4946
-21
-4946
-15
-4948
-7
-4947
-14
-4948
-12
-4947
-16
-4942
-18
-4946
-30
-4945
-4
-4949
-17
-4948
-32
-4948
-52
-4944
-7
-4950
-7
-4949
-22
-4947
-27
-4946
-11
-4946
-5
-4947
-12
-4949
-15
-4946
-20
-4948
-18
-4946
-3
-4947
-9
-4949
-29
-4950
-18
-4948
-26
-4948
-39
-4949
-24
-4946
-24
-4947
-21
-4947
-18
-4950
-6
-4947
-4
-4945
-16
-4948
-8
-4949
-17
-4949
10
-4948
-16
-4947
-25
-4946
-15
-4948
4
-4947
-2
-4947
-24
-4947
-29
-4951
-10
-4946
-17
-4946
-14
-4948
-23
-4947
-9
-4943
-15
-4943
-5
-4946
-20
-4946
-26
-4946
-9
-4948
-21
-4949
-18
-4948
-11
-4949
-15
-4947
-11
-4948
-26
-4950
-30
-4945
-36
-4948
-19
-4948
-28
-4949
-60
-4950
-5
-4950
-33
-4949
-23
-4947
1
-4946
-3
-4947
1
-4948
-12
-4949
-13
-4948
-1
-4946
-18
-4948
-9
-4946
-7
-4948
-23
-4949
-25
-4948
-17
-4949
-16
-4948
-8
-4946
4
-4949
-5
-4946
-4
-4948
-25
-4946
-18
-4947
-12
-4948
-14
-4949
-11
-4946
-16
-4948
-32
-4947
-10
-4943
-13
-4946
-18
-4946
-24
-4947
17
-4948
-18
-4947
-13
-4948
-22
-4952
-19
-4947
4
-4947
-23
-4949
-6
-4945
-18
-4950
-45
-4948
-13
-4947
-6
-4947
-13
-4949
-16
-4949
-28
-4948
-24
-4950
-28
-4947
-13
-4948
-4
-4948
-19
-4948
-24
-4948
-24
-4946
-6
-4947
-33
-4947
-22
-4949
-12
-4947
-28
-4948
-21
-4948
-16
-4950
-44
-4948
-16
-4946
10
-4947
-19
-4946
-17
-4948
-40
-4945
-28
-4946
-26
-4949
-15
-4948
-13
-4947
-30
-4947
-20
-4946
-35
-4946
-23
-4945
-21
-4948
-19
-4950
-17
-4948
-22
-4950
3
-4946
-24
-4948
-14
-4950
-18
-4946
-9
-4950
-15
-4952
4
-4946
-6
-4948
-6
-4945
-12
-4944
-16
-4953
-11
-4949
-6
-4947
-19
-4946
-22
-4947
-34
-4949
-18
-4948
-27
-4946
-12
-4950
-13
-4946
-11
-4949
-31
-4945
-22
-4948
-13
-4949
-9
-4948
-9
-4945
-26
-4949
-40
-4946
-21
-4948
-39
-4944
-12
-4947
-16
-4946
-18
-4947
-21
-4948
-36
-4945
-20
-4948
-18
-4946
-7
-4942
-5
-4947
-9
-4947
-6
-4947
-16
-4947
-12
-4949
-19
-4947
-2
-4947
-26
-4949
2
-4947
-14
-4948
-16
-4949
-14
-4948
-7
-4949
-12
-4948
-22
-4949
-8
-4946
-19
-4948
-13
-4948
-9
-4950
-14
-4946
0
-4948
-24
-4947
-13
-4947
-19
-4949
-16
-4949
-12
-4947
-25
-4946
-17
-4947
-24
-4949
-35
-4947
-20
-4948
-15
-4949
-24
-4948
-20
-4947
-22
-4949
-34
-4947
-17
-4944
-18
-4946
2
-4946
-21
-4946
-18
-4949
-30
-4947
-19
-4944
-11
-4945
-8
-4946
-11
-4948
-27
-4948
2
-4948
-12
-4945
-26
-4949
-7
-4944
-38
-4947
-22
-4946
-16
-4947
-23
-4951
-10
-4948
-16
-4948
-16
-4946
-24
-4949
-34
-4949
-7
-4952
-13
-4945
13
-4948
-16
-4947
-11
-4948
-6
-4947
-28
-4946
-28
-4949
-32
-4949
-37
-4947
-6
-4947
-20
-4945
-17
-4949
-1
-4946
12
-4947
-10
-4947
-23
-4948
-8
-4950
-30
-4949
-30
-4949
-23
-4947
-12
-4949
-39
-4947
4
-4947
-10
-4947
-7
-4943
-17
-4945
-8
-4947
-13
-4946
-26
-4948
-4
-4948
-5
-4946
-18
-4949
-12
-4945
-6
-4949
-9
-4947
-11
-4947
-14
-4949
-21
-4948
-25
-4948
7
-4947
10
-4947
-25
-4947
-22
-4948
2
-4950
-12
-4946
-1
-4947
-20
-4947
-17
-4948
-12
-4947
-4
-4943
-20
-4949
-32
-4946
-26
-4949
-47
-4944
-27
-4950
-23
-4950
-27
-4945
-11
-4949
-16
-4948
9
-4948
-17
-4946
-17
-4948
-20
-4947
-22
-4947
-2
-4947
-17
-4947
-27
-4947
-26
-4947
-29
-4944
-34
-4944
-16
-4944
-6
-4949
-12
-4947
-9
-4947
-20
-4948
-11
-4950
-15
-4949
-12
-4949
0
-4946
-18
-4947
-25
-4947
-17
-4947
-20
-4949
-30
-4949
-29
-4948
-4
-4947
-23
-4948
-11
-4945
8
-4948
-16
-4946
-12
-4947
2
-4947
-14
-4948
-23
-4948
-11
-4945
-28
-4948
-9
-4948
-3
-4950
-9
-4949
-28
-4946
-22
-4948
-5
-4947
17
-4946
-30
-4945
6
-4949
-2
-4949
-8
-4948
-17
-4947
-5
-4950
-4
-4948
-15
-4949
-20
-4946
-16
-4947
-14
-4942
-15
-4944
0
-4945
-16
-4948
-9
-4947
-20
-4947
-27
-4948
-17
-4948
-27
-4949
-12
-4947
-23
-4946
-19
-4944
-20
-4949
-26
-4948
-26
-4947
-27
-4949
-27
-4946
-12
-4947
-15
-4947
-9
-4947
-6
-4949
-17
-4947
-4
-4946
-17
-4948
-13
-4946
0
-4947
-14
-4949
-26
-4947
-11
-4947
-21
-4948
-5
-4946
-31
-4948
4
-4947
0
-4949
-13
-4947
-16
-4947
-16
-4948
-12
-4947
-28
-4949
-32
-4948
-6
-4947
-33
-4949
-14
-4946
-21
-4946
-3
-4945
-19
-4946
-4
-4947
-25
-4946
-21
-4948
-14
-4947
-19
-4946
-30
-4946
-25
-4948
-10
-4948
-28
-4947
-21
-4948
-23
-4947
-22
-4945
-13
-4947
-20
-4948
-11
-4946
-26
-4946
-21
-4950
-22
-4950
-19
-4947
-9
-4948
0
-4946
-17
-4947
-31
-4948
-26
-4947
-7
-4948
-24
-4948
-9
-4947
-31
-4948
-10
-4946
-3
-4947
-34
-4947
-19
-4948
-22
-4948
-1
-4947
-7
-4947
-23
-4946
-30
-4946
-26
-4947
-12
-4947
-22
-4947
-14
-4947
-17
-4943
-28
-4945
-26
-4945
-10
-4949
-13
-4948
-17
-4947
-18
-4948
-24
-4949
-18
-4948
-17
-4948
-28
-4948
-19
-4948
-17
-4947
-11
-4950
-13
-4946
-9
-4946
-11
-4947
-35
-4947
-11
-4949
-10
-4947
-19
-4951
-23
-4947
-10
-4947
-28
-4947
-26
-4947
-21
-4948
-12
-4948
-22
-4946
-19
-4948
-25
-4948
-9
-4947
-6
-4946
-19
-4947
-15
-4948
-20
-4947
-24
-4949
-43
-4946
-13
-4948
-21
-4947
-16
-4946
-10
-4947
-18
-4948
-26
-4947
-8
-4943
-11
-4944
-16
-4945
-36
-4950
-19
-4947
-38
-4947
-39
-4945
-26
-4947
-27
-4946
-6
-4948
-26
-4946
-20
-4949
-23
-4947
-19
-4946
-25
-4947
-27
-4947
-23
-4947
-20
-4948
-15
-4946
-20
-4946
-20
-4946
-3
-4948
-15
-4948
-23
-4947
16
-4944
-27
-4946
-18
-4949
-14
-4948
-19
-4948
-11
-4947
-14
-4947
-21
-4948
-17
-4947
-14
-4948
-20
-4948
-5
-4948
-22
-4943
-9
-4947
-9
-4947
-16
-4947
-15
-4948
-15
-4947
-24
-4947
-41
-4945
-5
-4947
-11
-4944
-13
-4948
-28
-4946
-18
-4950
-16
-4948
-5
-4948
-28
-4946
-10
-4948
2
-4945
-18
-4946
-1
-4949
-18
-4948
-16
-4947
-17
-4948
-37
-4947
-17
-4949
-26
-4947
-30
-4948
-18
-4949
-16
-4949
-25
-4949
-28
-4948
-8
-4949
-19
-4950
-6
-4946
-24
-4947
-37
-4946
-7
-4948
-31
-4945
-11
-4949
-19
-4949
-18
-4950
-6
-4948
-1
-4948
-12
-4947
-17
-4947
-19
-4949
-14
-4947
-3
-4949
-12
-4951
-33
-4948
-22
-4948
-22
-4941
-26
-4944
59
-4944
-20
-4949
-15
-4950
-20
-4948
-31
-4948
-25
-4947
-4
-4950
1
-4949
-10
-4944
-19
-4947
-9
-4947
-26
-4948
-19
-4948
-23
-4942
-33
-4947
-12
-4948
-6
-4946
-18
-4947
-20
-4946
-11
-4947
-28
-4946
-10
-4946
-13
-4948
-9
-4947
-6
-4947
-12
-4947
-28
-4949
-12
-4947
-12
-4946
-12
-4947
-25
-4948
-13
-4947
-13
-4946
-40
-4945
-2
-4947
-11
-4947
-25
-4946
-5
-4948
-2
-4949
-16
-4946
-20
-4947
-23
-4943
-9
-4945
-21
-4945
-11
-4947
-15
-4950
-17
-4947
-10
-4950
-10
-4949
-5
-4947
-6
-4947
-22
-4947
-21
-4949
-13
-4948
-20
-4948
3
-4948
-14
-4949
-10
-4948
-9
-4948
-28
-4949
-23
-4947
-14
-4947
-26
-4949
-10
-4948
-10
-4951
-23
-4948
-16
-4947
-15
-4948
-12
-4946
-31
-4945
-8
-4947
-35
-4949
-14
-4948
-16
-4948
-17
-4947
-7
-4946
-21
-4948
-11
-4946
-27
-4946
-8
-4947
-2
-4946
-18
-4947
-24
-4948
0
-4947
-17
-4945
-11
-4946
-8
-4946
-13
-4946
-13
-4946
-35
-4946
-11
-4948
-21
-4946
-2
-4949
-9
-4947
-8
-4947
-25
-4947
-7
-4948
-20
-4947
-21
-4949
-9
-4950
-13
-4945
-20
-4949
-21
-4946
1
-4946
2
-4946
-30
-4948
-17
-4948
-10
-4947
-8
-4946
-23
-4947
-3
-4947
-19
-4948
-19
-4949
-6
-4949
6
-4950
-14
-4947
-10
-4949
4
-4949
5
-4949
-3
-4947
-9
-4946
-19
-4947
-3
-4947
-8
-4947
-22
-4948
-20
-4950
-23
-4947
1
-4947
-20
-4947
-10
-4945
-28
-4943
-12
-4945
-13
-4943
-1
-4950
-31
-4947
-12
-4949
-20
-4947
-30
-4947
-15
-4949
-7
-4948
-7
-4946
-47
-4945
-20
-4947
6
-4951
-24
-4949
-10
-4947
-14
-4946
-15
-4946
-20
-4947
-25
-4948
-24
-4948
-18
-4947
-13
-4946
-9
-4946
-12
-4947
-25
