-5152
19
-5133
28
-5127
32
-5124
28
-5119
37
-5117
16
-5115
36
-5108
20
-5103
18
-5099
26
-5099
28
-5095
29
-5089
33
-5089
22
-5083
44
-5081
21
-5077
12
-5076
20
-5070
26
-5069
36
-5067
31
-5065
15
-5061
15
-5058
12
-5056
21
-5051
-4
-5048
23
-5044
18
-5035
26
-5038
27
-5037
26
-5032
29
-5025
18
-5026
45
-5025
31
-5021
40
-5024
53
-5019
28
-5015
18
-5011
24
-5013
33
-5009
33
-5009
28
-5008
28
-5006
32
-5007
34
-5003
18
-4998
21
-4998
32
-4997
14
-4998
17
-4996
42
-4994
14
-4998
31
-4993
48
-4991
36
-4992
42
-4988
29
-4987
37
-4987
28
-4988
30
-4984
44
-4983
17
-4981
26
-4981
23
-4980
16
-4981
29
-4978
34
-4977
25
-4974
31
-4974
18
-4970
27
-4969
29
-4968
18
-4966
24
-4966
18
-4965
15
-4963
27
-4965
17
-4963
39
-4961
27
-4964
10
-4961
31
-4958
27
-4958
17
-4960
28
-4961
19
-4955
15
-4957
26
-4955
18
-4956
18
-4955
30
-4957
6
-4956
24
-4951
21
-4951
14
-4951
13
-4952
18
-4955
25
-4954
31
-4952
13
-4952
38
-4951
13
-4952
15
-4954
19
-4952
25
-4952
13
-4952
26
-4953
33
-4952
18
-4955
9
-4955
18
-4956
31
-4956
26
-4956
42
-4958
4
-4959
25
-4961
25
-4958
29
-4962
27
-4963
44
-4963
28
-4962
25
-4964
27
-4962
18
-4963
13
-4962
25
-4961
21
-4963
25
-4961
29
-4961
-2
-4960
18
-4959
32
-4961
41
-4960
38
-4961
37
-4964
16
-4958
52
-4960
35
-4961
34
-4956
40
-4962
40
-4961
20
-4962
10
-4961
38
-4960
33
-4960
16
-4960
20
-4963
0
-4961
29
-4963
25
-4963
45
-4963
24
-4962
16
-4963
37
-4964
20
-4967
28
-4967
22
-4970
38
-4970
24
-4968
34
-4970
9
-4975
28
-4972
40
-4974
28
-4977
46
-4976
22
-4979
32
-4981
45
-4982
30
-4984
40
-4985
29
-4984
26
-4986
21
-4986
31
-4983
8
-4989
33
-4986
40
-4983
23
-4988
13
-4992
25
-4994
12
-4997
4
-4997
20
-5001
23
-5005
22
-5008
26
-5014
42
-5014
36
-5015
35
-5023
32
-5028
26
-5032
27
-5031
28
-5036
5
-5041
20
-5045
30
-5047
23
-5047
7
-5056
12
-5056
26
-5061
50
-5067
27
-5070
26
-5079
5
-5084
46
-5090
36
-5098
21
-5107
22
-5114
27
-5124
6
-5131
28
-5141
54
-5148
27
-5158
34
-5170
22
-5176
34
-5185
30
-5195
20
-5197
55
-5207
7
-5217
11
-5223
27
-5229
29
-5230
58
-5233
61
-5238
33
-5240
25
-5241
12
-5245
38
-5246
22
-5249
-4
-5246
14
-5255
-1
-5251
23
-5256
16
-5259
28
-5258
31
-5261
20
-5264
45
-5260
24
-5262
28
-5257
38
-5254
26
-5250
15
-5244
25
-5243
28
-5241
13
-5239
35
-5240
33
-5237
26
-5237
28
-5242
7
-5237
45
-5235
25
-5230
1
-5231
21
-5226
39
-5223
40
-5215
45
-5209
42
-5205
12
-5198
34
-5191
7
-5185
34
-5182
9
-5173
31
-5165
30
-5160
41
-5157
31
-5149
39
-5147
22
-5141
44
-5136
45
-5131
41
-5125
33
-5122
53
-5117
21
-5114
25
-5108
29
-5104
17
-5092
22
-5088
24
-5084
13
-5082
31
-5078
20
-5072
24
-5071
45
-5066
36
-5060
33
-5053
41
-5050
28
-5045
41
-5041
-12
-5041
40
-5036
19
-5034
35
-5032
16
-5024
26
-5023
17
-5018
34
-5014
23
-5011
41
-5011
29
-5007
25
-5002
22
-5002
27
-4996
38
-4995
18
-4992
8
-4990
18
-4989
33
-4986
32
-4984
3
-4984
-2
-4982
39
-4980
40
-4978
26
-4980
26
-4980
0
-4980
35
-4977
17
-4979
21
-4977
19
-4976
43
-4979
46
-4976
31
-4977
9
-4970
60
-4971
20
-4972
33
-4973
-8
-4973
36
-4970
15
-4976
6
-4974
25
-4971
28
-4971
9
-4968
22
-4970
27
-4970
27
-4970
30
-4967
32
-4964
8
-4965
12
-4966
35
-4963
5
-4966
3
-4967
26
-4963
20
-4965
34
-4966
30
-4965
6
-4962
21
-4962
32
-4964
17
-4963
16
-4963
34
-4961
23
-4961
18
-4962
23
-4962
20
-4961
31
-4962
13
-4963
13
-4962
24
-4965
38
-4963
30
-4962
27
-4962
26
-4962
19
-4963
11
-4965
49
-4965
46
-4963
28
-4960
22
-4964
14
-4962
33
-4966
19
-4965
3
-4965
12
-4964
35
-4967
31
-4969
46
-4968
26
-4971
12
-4969
1
-4970
17
-4971
20
-4972
11
-4970
26
-4972
16
-4979
25
-4978
22
-4979
45
-4979
52
-4982
51
-4982
7
-4986
51
-4984
11
-4986
28
-4991
11
-4995
28
-4998
54
-4998
27
-5003
48
-5005
20
-5008
28
-5009
22
-5014
24
-5016
30
-5018
13
-5019
38
-5023
36
-5022
16
-5025
4
-5025
39
-5025
38
-5027
53
-5030
44
-5035
1
-5037
26
-5039
16
-5048
8
-5055
19
-5060
31
-5066
28
-5073
15
-5080
12
-5087
18
-5094
25
-5100
20
-5099
30
-5105
13
-5111
10
-5113
50
-5118
27
-5123
7
-5128
30
-5132
18
-5134
25
-5143
12
-5147
4
-5153
26
-5161
17
-5171
16
-5174
30
-5177
12
-5182
48
-5191
33
-5200
22
-5204
-3
-5208
8
-5214
16
-5217
25
-5221
23
-5224
8
-5234
39
-5233
23
-5237
36
-5236
41
-5234
25
-5235
9
-5237
30
-5235
27
-5241
28
-5245
18
-5250
21
-5254
23
-5251
26
-5257
16
-5255
10
-5259
14
-5259
10
-5259
45
-5256
44
-5260
16
-5256
31
-5258
5
-5256
-2
-5255
31
-5255
39
-5255
11
-5248
-6
-5243
23
-5238
17
-5234
16
-5226
39
-5223
11
-5220
30
-5212
52
-5206
46
-5196
25
-5193
-6
-5191
11
-5184
7
-5180
-2
-5175
17
-5168
22
-5163
26
-5157
30
-5158
45
-5145
17
-5140
53
-5142
29
-5136
38
-5129
13
-5120
5
-5121
21
-5116
19
-5109
23
-5107
28
-5102
36
-5099
19
-5093
17
-5085
11
-5077
12
-5077
23
-5079
10
-5072
45
-5069
28
-5070
20
-5065
36
-5061
25
-5063
13
-5061
20
-5061
13
-5061
22
-5059
3
-5053
19
-5046
25
-5043
20
-5040
28
-5037
14
-5034
24
-5035
10
-5034
28
-5030
16
-5027
5
-5026
16
-5022
0
-5014
20
-5013
31
-5011
27
-5012
39
-5009
13
-5005
16
-5004
17
-5003
38
-5004
25
-5005
32
-5003
26
-5000
14
-4999
25
-4997
15
-4995
21
-4992
24
-4997
15
-4994
9
-4991
21
-4992
16
-4992
19
-4990
22
-4984
31
-4984
20
-4984
30
-4983
13
-4983
-6
-4987
52
-4983
33
-4987
11
-4981
51
-4979
43
-4980
0
-4980
19
-4981
45
-4980
44
-4979
8
-4981
25
-4978
28
-4980
15
-4978
28
-4980
-9
-4978
15
-4975
9
-4976
12
-4975
25
-4977
17
-4977
33
-4976
36
-4975
16
-4976
28
-4975
30
-4973
3
-4971
44
-4976
6
-4974
18
-4978
38
-4974
21
-4974
26
-4977
25
-4978
23
-4977
35
-4976
27
-4976
20
-4976
14
-4975
8
-4977
23
-4977
28
-4979
19
-4973
23
-4972
13
-4975
16
-4977
17
-4977
28
-4977
22
-4976
22
-4977
28
-4976
28
-4978
26
-4978
17
-4976
26
-4974
24
-4978
24
-4977
29
-4977
17
-4977
39
-4976
27
-4978
20
-4978
23
-4975
6
-4980
5
-4977
26
-4979
13
-4979
29
-4979
32
-4980
20
-4981
37
-4980
17
-4982
18
-4985
31
-4984
20
-4981
24
-4987
33
-4986
24
-4988
8
-4989
27
-4993
17
-4991
23
-4995
21
-4994
22
-4994
13
-4994
13
-4994
31
-4995
28
-4998
6
-4995
26
-4995
26
-4997
19
-4999
22
-5003
19
-5003
18
-5004
15
-5007
12
-5010
15
-5011
27
-5013
1
-5012
24
-5014
31
-5015
13
-5016
21
-5017
29
-5016
26
-5019
-3
-5019
10
-5021
1
-5020
22
-5020
28
-5025
45
-5027
12
-5028
29
-5030
19
-5032
26
-5034
16
-5037
9
-5035
13
-5041
36
-5044
16
-5046
19
-5048
30
-5048
19
-5053
24
-5058
20
-5057
8
-5061
11
-5068
5
-5068
59
-5072
38
-5078
18
-5079
29
-5080
11
-5084
49
-5087
50
-5090
24
-5092
32
-5093
23
-5098
32
-5102
13
-5102
35
-5104
27
-5106
13
-5111
34
-5114
13
-5118
12
-5120
15
-5125
46
-5129
-19
-5132
35
-5134
30
-5135
16
-5139
29
-5143
13
-5142
23
-5141
25
-5141
19
-5145
15
-5146
21
-5150
26
-5151
23
-5153
23
-5152
32
-5155
29
-5161
26
-5166
36
-5169
27
-5170
24
-5173
20
-5176
27
-5180
13
-5185
24
-5190
19
-5189
15
-5193
25
-5197
28
-5202
15
-5210
16
-5216
13
-5221
19
-5223
20
-5228
16
-5229
27
-5236
12
-5239
26
-5249
20
-5250
15
-5255
10
-5260
33
-5264
24
-5268
20
-5269
18
-5273
20
-5279
26
-5282
33
-5287
29
-5290
12
-5295
29
-5299
22
-5309
21
-5311
15
-5316
18
-5320
16
-5323
26
-5329
24
-5333
27
-5334
23
-5338
27
-5339
22
-5338
16
-5338
19
-5338
12
-5339
18
-5335
20
-5334
10
-5334
21
-5332
21
-5331
17
-5331
21
-5330
41
-5328
13
-5330
22
-5327
19
-5326
27
-5324
20
-5322
22
-5319
3
-5315
25
-5311
32
-5302
26
-5300
25
-5293
36
-5288
28
-5281
-11
-5279
14
-5275
34
-5267
22
-5262
37
-5253
42
-5247
15
-5240
-6
-5236
24
-5230
25
-5222
21
-5212
20
-5208
4
-5198
30
-5187
27
-5177
15
-5174
37
-5167
33
-5158
17
-5150
29
-5144
11
-5136
16
-5132
16
-5129
25
-5125
21
-5121
4
-5116
-7
-5112
36
-5106
55
-5100
9
-5092
24
-5089
37
-5086
27
-5077
23
-5071
13
-5068
36
-5061
29
-5057
21
-5053
27
-5049
7
-5045
19
-5044
18
-5039
20
-5029
22
-5027
26
-5021
28
-5021
20
-5016
22
-5013
15
-5010
22
-5008
22
-5003
23
-5000
19
-4999
12
-4996
22
-4994
16
-4991
16
-4990
12
-4991
16
-4986
12
-4986
16
-4986
17
-4985
28
-4983
20
-4982
18
-4981
26
-4983
27
-4980
23
-4979
19
-4976
33
-4977
25
-4972
19
-4972
13
-4971
16
-4970
24
-4970
24
-4969
29
-4966
16
-4967
27
-4967
10
-4967
17
-4964
18
-4965
19
-4964
22
-4963
24
-4964
22
-4962
17
-4963
17
-4963
18
-4960
21
-4961
26
-4961
10
-4962
21
-4961
19
-4965
19
-4960
30
-4964
30
-4963
21
-4963
9
-4963
16
-4963
33
-4961
19
-4965
27
-4962
6
-4961
13
-4963
17
-4964
20
-4963
9
-4966
7
-4964
28
-4965
23
-4965
19
-4964
22
-4965
19
-4965
14
-4967
9
-4969
20
-4971
3
-4972
7
-4974
2
-4975
8
-4977
8
-4980
18
-4981
29
-4981
28
-4987
31
-4991
30
-4991
45
-4990
23
-4995
24
-4996
20
-4995
15
-4997
26
-5002
26
-5003
19
-5006
30
-5006
35
-5008
16
-5011
14
-5015
12
-5021
9
-5024
29
-5026
17
-5031
26
-5039
17
-5040
19
-5045
20
-5049
17
-5054
13
-5059
26
-5061
17
-5067
18
-5073
33
-5076
36
-5077
23
-5080
13
-5081
34
-5085
24
-5090
28
-5093
14
-5100
16
-5101
29
-5107
28
-5112
9
-5119
17
-5120
20
-5128
15
-5136
30
-5140
8
-5145
32
-5152
34
-5156
26
-5159
6
-5167
13
-5171
18
-5181
39
-5185
34
-5189
33
-5195
14
-5197
8
-5200
29
-5207
31
-5210
19
-5215
22
-5219
34
-5226
32
-5233
33
-5240
37
-5243
32
-5250
33
-5258
51
-5265
9
-5268
24
-5280
27
-5281
21
-5285
14
-5293
21
-5295
49
-5298
12
-5304
30
-5309
28
-5313
18
-5313
26
-5315
29
-5316
17
-5318
14
-5321
22
-5326
28
-5329
22
-5331
19
-5338
8
-5340
17
-5344
30
-5349
26
-5354
9
-5349
17
-5351
25
-5352
11
-5348
28
-5349
41
-5347
18
-5343
12
-5338
4
-5337
3
-5332
9
-5328
17
-5327
12
-5322
24
-5321
11
-5318
10
-5314
18
-5300
26
-5296
29
-5288
16
-5289
10
-5284
2
-5274
23
-5269
33
-5262
16
-5249
18
-5239
27
-5234
15
-5222
26
-5214
32
-5206
44
-5202
22
-5193
18
-5181
20
-5172
33
-5169
17
-5166
31
-5161
16
-5155
22
-5148
24
-5141
26
-5138
31
-5137
9
-5131
17
-5127
14
-5122
18
-5119
32
-5111
28
-5106
18
-5099
18
-5095
20
-5088
17
-5082
19
-5074
16
-5071
2
-5064
19
-5058
17
-5054
10
-5048
19
-5042
38
-5037
17
-5034
13
-5032
14
-5027
12
-5016
19
-5013
25
-5011
34
-5010
0
-5010
24
-5009
25
-5012
16
-5010
37
-5005
14
-4998
15
-4996
34
-4992
39
-4992
12
-4991
17
-4992
20
-4989
29
-4984
17
-4985
10
-4983
17
-4980
27
-4981
23
-4979
20
-4978
38
-4977
17
-4976
24
-4976
25
-4976
13
-4975
27
-4976
19
-4972
43
-4971
24
-4972
33
-4972
38
-4970
22
-4971
9
-4970
28
-4970
13
-4968
9
-4966
16
-4966
27
-4966
24
-4967
28
-4964
23
-4965
16
-4964
38
-4965
29
-4962
22
-4959
20
-4959
8
-4961
18
-4961
10
-4962
8
-4960
18
-4960
34
-4960
9
-4960
11
-4960
23
-4961
28
-4961
32
-4961
34
-4960
20
-4960
11
-4959
19
-4959
23
-4961
24
-4960
43
-4961
17
-4962
38
-4962
31
-4963
12
-4962
7
-4963
25
-4962
10
-4961
21
-4965
20
-4962
28
-4962
15
-4961
22
-4963
15
-4961
17
-4962
27
-4964
6
-4964
33
-4964
18
-4965
28
-4966
33
-4966
26
-4965
24
-4969
41
-4968
20
-4970
35
-4971
26
-4973
2
-4975
10
-4974
31
-4975
39
-4973
44
-4978
25
-4978
17
-4979
21
-4980
19
-4979
20
-4980
35
-4980
26
-4982
18
-4983
23
-4983
26
-4986
29
-4984
11
-4985
23
-4988
15
-4989
10
-4992
26
-4992
40
-4996
29
-4996
14
-4999
29
-5001
9
-5004
32
-5006
11
-5008
24
-5010
32
-5012
19
-5017
30
-5018
30
-5018
23
-5020
25
-5021
28
-5024
31
-5024
19
-5026
20
-5029
18
-5030
17
-5033
6
-5033
12
-5037
16
-5039
37
-5042
20
-5044
23
-5048
31
-5051
33
-5053
23
-5058
25
-5063
18
-5067
18
-5072
28
-5074
19
-5080
20
-5089
29
-5090
38
-5095
23
-5102
23
-5108
19
-5111
19
-5120
26
-5128
36
-5133
18
-5141
11
-5146
16
-5154
36
-5162
34
-5169
12
-5175
14
-5185
18
-5190
21
-5196
34
-5206
16
-5213
20
-5216
26
-5223
17
-5228
26
-5237
10
-5239
20
-5248
2
-5255
31
-5262
28
-5266
25
-5269
1
-5274
20
-5281
36
-5283
32
-5288
20
-5293
41
-5297
28
-5298
9
-5303
22
-5307
31
-5305
21
-5310
11
-5310
19
-5310
17
-5310
20
-5309
26
-5308
36
-5307
36
-5304
17
-5301
15
-5299
25
-5295
24
-5291
17
-5288
24
-5284
30
-5280
28
-5278
31
-5273
15
-5268
20
-5261
22
-5257
10
-5254
18
-5248
33
-5243
33
-5238
16
-5231
15
-5224
28
-5219
29
-5211
34
-5206
18
-5197
20
-5197
20
-5187
20
-5180
27
-5174
11
-5168
23
-5162
10
-5155
15
-5148
7
-5140
24
-5133
22
-5126
25
-5120
21
-5110
10
-5108
26
-5100
30
-5096
35
-5084
32
-5079
16
-5073
35
-5074
25
-5066
19
-5062
13
-5058
22
-5054
26
-5047
30
-5047
12
-5045
25
-5042
30
-5038
26
-5035
20
-5031
27
-5028
28
-5026
15
-5022
20
-5019
19
-5017
22
-5014
18
-5009
35
-5007
33
-5006
16
-5003
14
-5002
26
-5000
25
-4998
23
-5001
25
-4999
29
-4996
3
-4996
36
-4995
23
-4992
31
-4993
5
-4995
13
-4992
20
-4992
29
-4990
24
-4990
44
-4987
11
-4988
26
-4986
35
-4987
25
-4987
17
-4986
18
-4985
21
-4980
18
-4982
28
-4979
39
-4983
40
-4979
27
-4978
15
-4977
44
-4980
24
-4975
33
-4976
49
-4974
40
-4975
28
-4974
30
-4975
21
-4974
14
-4972
22
-4974
9
-4975
32
-4972
18
-4972
29
-4970
21
-4972
16
-4970
13
-4970
23
-4974
23
-4970
24
-4970
24
-4969
38
-4971
10
-4968
22
-4971
36
-4969
26
-4969
24
-4969
11
-4969
34
-4968
32
-4971
13
-4969
24
-4968
19
-4970
13
-4970
27
-4972
28
-4971
20
-4970
27
-4970
14
-4970
7
-4968
10
-4967
13
-4965
17
-4970
42
-4970
28
-4969
24
-4971
17
-4970
10
-4972
32
-4968
8
-4971
14
-4970
26
-4972
0
-4971
29
-4970
31
-4970
17
-4971
26
-4972
16
-4972
12
-4972
19
-4970
30
-4973
16
-4970
21
-4971
32
-4972
26
-4973
31
-4977
19
-4976
15
-4978
17
-4980
26
-4981
28
-4981
34
-4981
25
-4983
23
-4988
32
-4989
37
-4991
14
-4991
16
-4995
4
-4997
13
-4999
15
-5000
6
-5003
22
-5004
15
-5008
30
-5011
32
-5013
19
-5014
20
-5016
3
-5020
-6
-5026
21
-5027
29
-5029
11
-5032
26
-5035
-1
-5038
19
-5039
29
-5042
6
-5044
5
-5048
22
-5049
22
-5047
21
-5051
16
-5053
28
-5051
18
-5052
7
-5053
23
-5051
28
-5053
28
-5053
20
-5052
10
-5052
9
-5053
20
-5052
15
-5050
36
-5051
42
-5051
17
-5050
28
-5051
16
-5052
25
-5052
-13
-5053
16
-5051
29
-5050
12
-5052
29
-5054
16
-5052
17
-5051
21
-5052
18
-5053
24
-5050
27
-5050
14
-5051
20
-5048
19
-5048
19
-5045
8
-5047
23
-5045
24
-5045
35
-5047
10
-5044
32
-5045
9
-5042
18
-5040
15
-5041
36
-5042
40
-5040
27
-5040
27
-5037
10
-5039
21
-5037
9
-5038
21
-5038
27
-5035
20
-5034
39
-5035
22
-5035
16
-5030
27
-5029
30
-5029
20
-5028
25
-5027
23
-5028
34
-5025
29
-5027
18
-5026
3
-5022
13
-5024
21
-5021
15
-5023
18
-5021
16
-5020
21
-5020
9
-5021
22
-5022
10
-5020
25
-5021
18
-5020
35
-5019
36
-5019
21
-5020
17
-5014
31
-5017
39
-5018
19
-5019
28
-5022
17
-5020
31
-5018
24
-5020
26
-5021
20
-5020
17
-5021
27
-5020
23
-5018
31
-5018
18
-5017
15
-5019
25
-5018
16
-5018
38
-5019
29
-5018
20
-5016
21
-5018
27
-5017
21
-5014
27
-5016
21
-5016
20
-5016
20
-5017
20
-5017
27
-5017
21
-5017
26
-5015
35
-5016
21
-5018
19
-5013
30
-5015
20
-5013
19
-5013
11
-5013
16
-5013
25
-5011
11
-5012
2
-5010
17
-5011
18
-5010
0
-5010
9
-5010
22
-5006
37
-5005
38
-5007
19
-5006
7
-5008
18
-5009
20
-5008
0
-5007
20
-5009
20
-5007
18
-5008
3
-5006
16
-5005
28
-5009
24
-5005
16
-5004
22
-5006
15
-5003
11
-5004
19
-5004
13
-5005
19
-5004
15
-5005
20
-5004
25
-5004
19
-5005
22
-5001
28
-5003
15
-5005
11
-5004
7
-5003
28
-5003
20
-5002
22
-5004
25
-5003
15
-5003
19
-5004
17
-5004
5
-5002
26
-5004
10
-5003
16
-5004
18
-5002
17
-5003
31
-5003
22
-5004
30
-5002
16
-4999
20
-5002
17
-5001
35
-5005
34
-5004
20
-5002
26
-5004
31
-5003
8
-5004
20
-5003
13
-5006
7
-5004
22
-5004
35
-5005
26
-5005
17
-5008
27
-5007
28
-5008
28
-5006
36
-5008
24
-5009
24
-5010
12
-5010
30
-5008
28
-5008
18
-5012
10
-5012
23
-5012
19
-5013
30
-5011
12
-5012
31
-5013
24
-5014
26
-5016
16
-5014
20
-5017
22
-5016
24
-5017
39
-5018
18
-5017
17
-5018
27
-5020
22
-5020
22
-5021
15
-5022
12
-5022
14
-5023
21
-5021
19
-5023
30
-5024
7
-5026
3
-5026
24
-5026
30
-5028
21
-5028
8
-5029
25
-5031
26
-5033
26
-5033
7
-5032
8
-5033
17
-5036
38
-5036
23
-5036
17
-5039
12
-5038
22
-5038
20
-5040
22
-5042
18
-5043
34
-5043
36
-5044
27
-5048
24
-5048
16
-5050
16
-5051
23
-5053
9
-5053
29
-5055
7
-5057
14
-5058
7
-5058
26
-5063
30
-5065
16
-5072
-1
-5073
23
-5079
23
-5082
15
-5087
3
-5089
40
-5093
26
-5099
23
-5103
24
-5105
21
-5106
21
-5112
17
-5121
30
-5125
29
-5130
22
-5133
21
-5142
17
-5144
25
-5147
27
-5153
18
-5160
11
-5162
16
-5167
6
-5174
28
-5178
29
-5182
33
-5187
17
-5192
25
-5196
25
-5199
22
-5202
13
-5203
27
-5205
34
-5206
23
-5210
13
-5212
17
-5214
16
-5216
37
-5219
14
-5218
7
-5217
28
-5216
35
-5218
20
-5218
13
-5216
19
-5217
10
-5216
19
-5216
29
-5213
15
-5208
22
-5204
22
-5201
32
-5195
29
-5192
28
-5187
19
-5183
28
-5177
27
-5167
24
-5163
27
-5160
19
-5157
12
-5151
10
-5146
29
-5146
20
-5140
25
-5136
18
-5133
16
-5130
24
-5128
6
-5122
24
-5120
31
-5118
12
-5114
20
-5111
22
-5110
24
-5105
28
-5104
24
-5102
33
-5097
27
-5097
32
-5092
28
-5089
18
-5086
11
-5086
22
-5082
24
-5079
17
-5076
28
-5072
25
-5069
17
-5066
8
-5063
23
-5063
41
-5061
19
-5057
28
-5053
18
-5050
23
-5049
23
-5050
12
-5045
10
-5040
13
-5041
15
-5040
27
-5038
12
-5034
17
-5031
22
-5029
32
-5026
35
-5025
22
-5026
27
-5025
19
-5021
21
-5019
39
-5019
20
-5016
18
-5014
30
-5014
29
-5013
22
-5010
19
-5007
23
-5008
24
-5008
29
-5005
28
-5003
31
-5004
12
-5002
38
-5000
18
-5000
24
-4999
20
-5001
27
-4998
21
-4998
29
-4996
34
-4993
13
-4993
31
-4992
9
-4992
26
-4989
25
-4989
25
-4989
15
-4987
18
-4988
17
-4989
27
-4988
3
-4987
34
-4985
39
-4985
34
-4985
26
-4986
24
-4985
21
-4983
28
-4978
17
-4981
42
-4978
33
-4979
24
-4982
23
-4978
28
-4980
26
-4979
28
-4979
25
-4980
15
-4981
24
-4977
20
-4976
12
-4979
9
-4977
23
-4976
18
-4975
26
-4976
29
-4975
30
-4976
23
-4976
6
-4976
25
-4976
22
-4973
20
-4974
23
-4973
21
-4972
28
-4976
28
-4974
24
-4973
28
-4974
27
-4974
25
-4974
31
-4973
28
-4972
28
-4974
22
-4971
25
-4971
22
-4971
16
-4969
35
-4969
17
-4969
14
-4970
12
-4969
9
-4969
29
-4968
20
-4969
33
-4965
5
-4968
27
-4968
11
-4969
13
-4970
12
-4970
14
-4970
7
-4967
19
-4968
13
-4969
29
-4969
19
-4969
32
-4968
16
-4967
42
-4968
25
-4968
34
-4969
5
-4969
18
-4968
6
-4969
36
-4971
25
-4968
23
-4967
32
-4968
22
-4968
33
-4971
22
-4969
31
-4967
18
-4968
23
-4969
20
-4967
34
-4970
26
-4972
26
-4969
19
-4968
26
-4969
23
-4969
23
-4969
14
-4969
30
-4971
16
-4968
21
-4969
10
-4968
17
-4967
12
-4970
21
-4970
27
-4971
29
-4968
17
-4968
17
-4969
22
-4971
26
-4969
26
-4968
13
-4970
16
-4970
15
-4968
27
-4971
13
-4970
16
-4971
17
-4970
19
-4967
16
-4968
10
-4968
14
-4968
13
-4971
25
-4971
13
-4967
44
-4971
13
-4971
12
-4969
41
-4971
26
-4970
31
-4970
24
-4970
28
-4970
23
-4970
36
-4970
31
-4969
31
-4970
21
-4970
32
-4972
26
-4970
19
-4971
27
-4970
22
-4973
21
-4971
34
-4970
22
-4971
19
-4971
36
-4972
19
-4970
15
-4973
20
-4971
29
-4973
24
-4967
30
-4971
25
-4972
27
-4970
30
-4972
27
-4972
29
-4972
22
-4974
20
-4976
17
-4972
11
-4974
14
-4974
11
-4973
19
-4975
26
-4976
28
-4975
14
-4977
11
-4978
19
-4978
23
-4977
17
-4979
11
-4979
32
-4982
46
-4982
22
-4983
32
-4981
33
-4982
23
-4980
33
-4983
37
-4985
18
-4985
27
-4985
21
-4985
12
-4985
35
-4987
23
-4988
20
-4990
8
-4987
-2
-4989
24
-4991
21
-4989
14
-4990
21
-4992
17
-4994
22
-4994
24
-4994
21
-4993
28
-4994
38
-4996
26
-4997
24
-4999
26
-4999
24
-5001
28
-5000
15
-5001
27
-4999
20
-4999
24
-4999
20
-5001
22
-4999
24
-5001
17
-5000
17
-5001
24
-5003
30
-5001
22
-5002
19
-5001
23
-5000
26
-5001
33
-5002
26
-5000
27
-5003
18
-5002
32
-5002
8
-5001
10
-5003
20
-5004
25
-5004
6
-5002
16
-5003
26
-5003
17
-5006
18
-5007
25
-5008
30
-5009
23
-5006
26
-5006
10
-5006
28
-5007
32
-5009
29
-5008
25
-5007
24
-5007
16
-5006
33
-5007
20
-5008
21
-5010
16
-5010
11
-5010
19
-5011
32
-5013
11
-5011
15
-5012
8
-5014
31
-5014
37
-5013
30
-5015
20
-5018
33
-5020
34
-5019
27
-5021
32
-5022
28
-5024
22
-5026
12
-5028
31
-5030
29
-5032
24
-5032
18
-5034
15
-5035
17
-5036
29
-5042
12
-5044
33
-5047
42
-5051
34
-5053
12
-5057
23
-5063
27
-5065
22
-5066
27
-5070
30
-5071
17
-5075
20
-5077
8
-5082
21
-5084
15
-5089
29
-5092
15
-5096
5
-5104
21
-5103
30
-5106
23
-5111
24
-5117
26
-5122
37
-5123
13
-5127
19
-5130
7
-5131
21
-5134
16
-5134
14
-5134
22
-5134
3
-5136
28
-5136
8
-5137
6
-5136
29
-5138
14
-5138
26
-5140
28
-5142
24
-5148
41
-5146
17
-5147
40
-5147
39
-5145
32
-5146
31
-5146
35
-5146
21
-5146
25
-5147
26
-5145
38
-5146
25
-5145
30
-5142
37
-5144
42
-5144
27
-5142
28
-5141
41
-5140
40
-5141
24
-5138
41
-5135
28
-5134
33
-5131
44
-5127
24
-5126
39
-5116
26
-5112
44
-5109
31
-5109
41
-5106
33
-5102
29
-5100
20
-5097
39
-5095
33
-5093
32
-5086
41
-5086
38
-5083
26
-5082
33
-5080
19
-5078
33
-5076
37
-5073
30
-5071
32
-5071
38
-5067
42
-5066
39
-5065
31
-5063
23
-5062
31
-5058
39
-5057
43
-5054
35
-5054
29
-5052
30
-5050
27
-5049
36
-5044
36
-5044
30
-5044
28
-5041
33
-5039
31
-5037
21
-5037
27
-5035
18
-5035
19
-5031
26
-5028
29
-5029
30
-5027
33
-5026
32
-5020
38
-5019
21
-5018
23
-5018
31
-5016
14
-5016
23
-5013
19
-5013
33
-5008
26
-5011
43
-5008
42
-5007
29
-5006
36
-5004
31
-5003
38
-5001
26
-5000
24
-5000
28
-5001
34
-4999
30
-4998
37
-4996
18
-4998
32
-4995
28
-4995
24
-4994
19
-4992
29
-4992
26
-4995
38
-4992
34
-4988
41
-4989
40
-4989
37
-4989
34
-4986
21
-4985
32
-4984
30
-4986
36
-4986
31
-4984
22
-4982
30
-4983
27
-4983
38
-4982
41
-4982
31
-4981
27
-4981
26
-4978
33
-4978
39
-4976
34
-4979
36
-4977
21
-4977
34
-4977
34
-4977
34
-4979
20
-4976
34
-4977
44
-4976
38
-4975
37
-4974
45
-4974
46
-4976
24
-4976
22
-4973
30
-4973
34
-4974
38
-4972
32
-4973
36
-4972
26
-4970
29
-4971
28
-4970
28
-4971
34
-4970
27
-4970
25
-4968
18
-4969
24
-4970
27
-4966
30
-4967
36
-4967
21
-4967
35
-4965
31
-4967
33
-4965
30
-4966
31
-4966
38
-4966
20
-4965
31
-4963
20
-4966
21
-4966
30
-4960
30
-4962
32
-4963
43
-4966
41
-4964
36
-4964
29
-4964
44
-4963
33
-4963
35
-4961
31
-4962
38
-4963
37
-4961
42
-4962
35
-4959
26
-4960
43
-4960
49
-4960
39
-4961
38
-4961
33
-4960
40
-4959
32
-4960
37
-4958
28
-4958
29
-4958
30
-4958
28
-4958
22
-4959
28
-4958
27
-4959
33
-4958
30
-4957
31
-4958
25
-4958
49
-4956
43
-4957
36
-4954
30
-4955
22
-4954
19
-4955
19
-4955
31
-4954
39
-4957
24
-4954
28
-4954
31
-4955
23
-4950
15
-4952
24
-4951
23
-4954
16
-4954
30
-4954
28
-4953
40
-4953
29
-4952
35
-4953
26
-4951
18
-4952
32
-4952
35
-4951
35
-4951
28
-4952
34
-4952
27
-4950
31
-4953
34
-4952
25
-4950
17
-4950
38
-4950
31
-4950
30
-4951
42
-4951
48
-4949
32
-4950
33
-4949
23
-4951
31
-4949
32
-4949
30
-4949
37
-4950
32
-4950
34
-4949
37
-4950
42
-4949
29
-4950
30
-4949
20
-4949
29
-4948
26
-4949
38
-4948
28
-4949
31
-4950
37
-4945
48
-4945
45
-4947
34
-4949
36
-4947
38
-4949
31
-4949
22
-4948
22
-4948
41
-4948
24
-4949
28
-4946
28
-4947
28
-4947
26
-4946
22
-4948
19
-4947
22
-4947
30
-4948
33
-4948
40
-4947
22
-4947
30
-4948
41
-4948
17
-4947
20
-4946
22
-4945
24
-4947
26
-4949
33
-4945
42
-4947
33
-4948
34
-4945
34
-4947
38
-4947
48
-4949
26
-4948
29
-4947
29
-4947
28
-4947
24
-4946
33
-4949
31
-4946
26
-4947
29
-4947
44
-4947
29
-4947
30
-4944
28
-4944
31
-4945
45
-4946
38
-4946
10
-4947
25
-4947
33
-4949
31
-4946
24
-4946
21
-4947
26
-4947
19
-4947
27
-4945
38
-4949
24
-4949
27
-4947
35
-4947
29
-4948
38
-4948
33
-4945
34
-4945
40
-4946
33
-4944
27
-4946
26
-4948
39
-4946
29
-4946
37
-4946
30
-4945
40
-4947
41
-4946
40
-4946
34
-4946
37
-4946
33
-4946
28
-4947
33
-4946
33
-4948
33
-4946
39
-4948
33
-4946
23
-4948
20
-4948
40
-4946
37
-4946
19
-4944
25
-4945
35
-4945
30
-4947
26
-4945
46
-4948
30
-4946
42
-4946
38
-4947
31
-4947
32
-4947
27
-4946
19
-4945
30
-4947
27
-4947
39
-4947
34
-4946
21
-4945
31
-4948
30
-4947
26
-4947
32
-4945
30
-4948
31
-4948
36
-4947
39
-4948
27
-4947
35
-4947
29
-4946
33
-4947
35
-4945
31
-4945
33
-4948
27
-4947
31
-4947
27
-4947
42
-4945
38
-4948
29
-4947
29
-4946
33
-4949
31
-4947
27
-4947
29
-4947
31
-4947
37
-4947
43
-4947
33
-4944
36
-4946
25
-4945
38
-4947
35
-4946
35
-4947
23
-4946
44
-4948
31
-4948
33
-4946
35
-4948
31
-4947
31
-4947
25
-4946
38
-4946
27
-4947
28
-4946
45
-4946
27
-4946
36
-4946
34
-4946
37
-4947
36
-4947
42
-4946
32
-4945
47
-4946
37
-4947
43
-4947
46
-4947
31
-4946
37
-4944
30
-4945
28
-4949
36
-4947
32
-4947
36
-4947
42
-4946
31
-4944
23
-4948
34
-4947
34
-4948
20
-4948
31
-4947
32
-4947
29
-4945
27
-4946
29
-4945
36
-4943
33
-4945
35
-4944
25
-4947
22
-4948
23
-4945
19
-4947
39
-4946
43
-4945
31
-4947
23
-4946
36
-4947
33
-4948
37
-4946
29
-4947
42
-4947
37
-4947
31
-4945
26
-4946
28
-4947
32
-4947
28
-4947
38
-4945
29
-4947
42
-4947
39
-4948
32
-4945
39
-4948
30
-4948
33
-4947
30
-4947
34
-4945
42
-4947
29
-4946
22
-4947
37
-4948
26
-4947
39
-4946
38
-4945
34
-4947
26
-4946
27
-4947
27
-4945
36
-4948
35
-4948
33
-4946
19
-4945
29
-4945
44
-4943
42
-4948
27
-4945
33
-4948
21
-4947
40
-4948
36
-4947
46
-4945
40
-4948
30
-4948
29
-4945
21
-4947
13
-4946
32
-4947
26
-4947
35
-4947
21
-4947
35
-4947
35
-4947
33
-4946
38
-4948
36
-4947
34
-4946
31
-4947
32
-4946
35
-4947
32
-4948
35
-4946
30
-4946
18
-4947
48
-4946
33
-4946
26
-4946
24
-4946
21
-4947
29
-4946
25
-4947
25
-4945
25
-4947
25
-4946
30
-4947
29
-4947
22
-4947
25
-4948
33
-4945
35
-4942
28
-4946
25
-4944
17
-4947
30
-4947
29
-4946
21
-4947
15
-4948
25
-4947
31
-4946
38
-4944
39
-4947
33
-4948
28
-4946
26
-4948
25
-4948
25
-4948
26
-4946
23
-4947
18
-4946
36
-4947
29
-4945
37
-4946
33
-4947
23
-4947
23
-4946
31
-4946
29
-4947
30
-4947
31
-4945
34
-4946
21
-4947
18
-4946
19
-4946
35
-4947
34
-4945
48
-4946
18
-4946
25
-4948
22
-4948
28
-4948
40
-4947
49
-4948
17
-4946
24
-4947
34
-4946
21
-4944
43
-4944
45
-4945
29
-4949
23
-4947
45
-4947
38
-4947
35
-4946
29
-4947
28
-4947
23
-4946
20
-4948
21
-4945
32
-4947
32
-4948
45
-4947
35
-4947
46
-4947
25
-4945
42
-4947
28
-4947
42
-4947
34
-4945
36
-4946
46
-4948
45
-4947
36
-4947
40
-4947
28
-4944
35
-4946
40
-4946
32
-4946
36
-4946
35
-4947
40
-4946
37
-4947
36
-4946
39
-4946
37
-4947
40
-4947
27
-4947
18
-4946
30
-4946
31
-4946
20
-4946
42
-4946
37
-4946
31
-4944
33
-4945
30
-4945
43
-4949
23
-4945
32
-4946
42
-4947
36
-4947
54
-4945
38
-4948
26
-4946
32
-4946
35
-4948
38
-4945
29
-4946
36
-4946
34
-4946
42
-4948
28
-4946
37
-4945
39
-4947
32
-4947
32
-4946
32
-4946
30
-4946
38
-4946
36
-4947
20
-4945
37
-4947
41
-4945
34
-4948
25
-4948
33
-4946
45
-4947
37
-4946
31
-4946
37
-4946
28
-4948
35
-4945
32
-4946
28
-4946
30
-4947
31
-4947
23
-4947
31
-4948
31
-4946
15
-4945
25
-4944
22
-4944
29
-4945
20
-4948
18
-4947
27
-4947
36
-4946
26
-4946
23
-4948
18
-4948
26
-4945
26
-4947
35
-4948
26
-4947
42
-4947
42
-4946
27
-4946
32
-4947
39
-4947
26
-4947
26
-4948
35
-4946
33
-4947
31
-4946
27
-4945
23
-4946
26
-4946
27
-4945
36
-4946
18
-4946
25
-4945
19
-4946
23
-4947
24
-4946
29
-4948
25
-4945
23
-4948
28
-4946
31
-4947
29
-4944
16
-4947
16
-4945
14
-4947
21
-4947
20
-4946
22
-4948
26
-4943
28
-4945
29
-4944
29
-4948
36
-4948
23
-4946
38
-4946
34
-4948
38
-4946
29
-4946
35
-4947
26
-4947
34
-4948
27
-4949
28
-4947
33
-4948
30
-4947
21
-4948
25
-4947
24
-4947
30
-4947
29
-4945
26
-4948
19
-4947
38
-4946
39
-4947
40
-4948
34
-4946
27
-4946
38
-4947
40
-4946
34
-4947
42
-4948
29
-4947
21
-4947
35
-4947
31
-4945
34
-4946
34
-4948
17
-4948
31
-4946
28
-4948
38
-4949
22
-4947
39
-4946
34
-4949
38
-4945
40
-4945
31
-4942
30
-4949
25
-4944
26
-4949
22
-4946
24
-4946
27
-4947
24
-4946
27
-4944
34
-4946
34
-4947
26
-4946
30
-4947
30
-4945
27
-4946
35
-4948
34
-4947
27
-4949
23
-4947
33
-4946
24
-4946
34
-4946
31
-4947
45
-4947
37
-4946
29
-4947
25
-4948
31
-4947
32
-4946
12
-4949
12
-4949
21
-4945
31
-4947
33
-4945
34
-4946
21
-4947
46
-4946
45
-4947
39
-4945
34
-4947
25
-4947
39
-4948
22
-4945
40
-4947
37
-4947
36
-4943
31
-4946
31
-4944
28
-4945
27
-4947
37
-4947
24
-4946
34
-4946
24
-4947
19
-4946
29
-4946
27
-4946
30
-4947
24
-4947
29
-4947
34
-4946
21
-4946
38
-4947
35
-4946
23
-4947
43
-4946
36
-4947
21
-4947
33
-4946
22
-4945
31
-4944
31
-4944
35
-4947
31
-4945
35
-4945
26
-4948
23
-4947
36
-4945
35
-4946
41
-4945
39
-4947
23
-4946
43
-4943
14
-4944
24
-4945
29
-4946
21
-4944
23
-4946
24
-4945
35
-4946
28
-4948
33
-4941
37
-4943
32
-4942
33
-4946
41
-4945
23
-4944
23
-4945
24
-4945
26
-4945
23
-4945
30
-4944
28
-4947
27
-4946
32
-4946
24
-4945
34
-4944
29
-4947
36
-4947
23
-4945
27
-4944
30
-4943
34
-4945
30
-4947
25
-4946
33
-4942
37
-4942
34
-4943
33
-4944
31
-4944
45
-4945
36
-4943
31
-4945
30
-4946
29
-4946
25
-4944
33
-4945
23
-4944
23
-4944
41
-4944
32
-4944
35
-4944
35
-4945
33
-4945
30
-4945
30
-4945
26
-4946
41
-4946
41
-4941
45
-4942
41
-4941
47
-4946
31
-4946
30
-4945
30
-4945
37
-4942
36
-4942
27
-4942
31
-4945
25
-4945
29
-4945
35
-4944
28
-4944
37
-4945
34
-4943
45
-4946
25
-4944
43
-4945
29
-4946
19
-4945
31
-4944
32
-4944
30
-4945
29
-4946
24
-4944
28
-4944
24
-4944
27
-4944
21
-4944
17
-4945
29
-4945
31
-4945
29
-4944
33
-4945
35
-4945
23
-4946
37
-4945
29
-4943
35
-4946
32
-4946
21
-4945
27
-4945
26
-4945
32
-4945
30
-4944
28
-4941
30
-4943
26
-4943
35
-4944
28
-4944
33
-4944
27
-4944
29
-4946
29
-4943
29
-4945
25
-4944
24
-4943
33
-4943
27
-4946
32
-4944
28
-4944
31
-4946
36
-4944
35
-4944
25
-4944
24
-4944
27
-4943
30
-4945
31
-4944
26
-4944
35
-4944
33
-4944
42
-4942
35
-4944
31
-4944
28
-4944
30
-4945
36
-4945
47
-4943
47
-4944
45
-4946
21
-4946
18
-4945
24
-4946
34
-4944
36
-4945
32
-4944
36
-4945
23
-4944
34
-4944
42
-4944
41
-4941
31
-4945
35
-4942
33
-4944
35
-4944
38
-4944
35
-4947
27
-4944
39
-4943
35
-4944
24
-4944
34
-4945
35
-4945
41
-4945
29
-4944
42
-4946
44
-4945
26
-4945
30
-4944
32
-4945
16
-4944
38
-4945
43
-4944
32
-4947
27
-4944
30
-4945
19
-4944
22
-4944
36
-4946
48
-4945
30
-4944
20
-4944
16
-4944
22
-4947
38
-4947
31
-4945
33
-4945
38
-4945
20
-4945
32
-4945
41
-4945
37
-4946
20
-4946
18
-4945
8
-4945
28
-4948
26
-4946
29
-4943
10
-4944
35
-4944
33
-4946
38
-4945
44
-4945
34
-4947
29
-4947
30
-4947
25
-4946
26
-4948
22
-4947
15
-4946
30
-4946
39
-4947
42
-4947
25
-4947
28
-4946
33
-4949
26
-4946
25
-4946
27
-4947
26
-4947
30
-4947
30
-4946
23
-4947
36
-4947
32
-4946
37
-4947
28
-4944
28
-4947
22
-4948
22
-4947
25
-4946
38
-4945
48
-4947
34
-4946
45
-4946
42
-4945
28
-4947
36
-4946
29
-4947
30
-4945
26
-4946
30
-4945
17
-4946
34
-4943
27
-4945
26
-4944
37
-4947
26
-4947
32
-4945
41
-4946
24
-4948
29
-4946
32
-4947
28
-4947
23
-4946
18
-4946
38
-4946
35
-4946
37
-4946
36
-4945
35
-4947
25
-4947
35
-4947
39
-4946
24
-4947
40
-4946
20
-4946
32
-4946
33
-4945
28
-4945
28
-4947
38
-4947
36
-4947
34
-4945
44
-4946
25
-4945
40
-4946
31
-4946
31
-4946
43
-4946
29
-4946
22
-4947
25
-4946
24
-4947
34
-4946
41
-4946
33
-4946
31
-4946
31
-4946
28
-4944
34
-4943
43
-4945
38
-4944
36
-4946
37
-4947
43
-4945
23
-4947
29
-4945
40
-4946
22
-4946
33
-4946
29
-4946
33
-4945
30
-4947
45
-4946
29
-4947
44
-4946
25
-4947
36
-4948
31
-4945
33
-4945
23
-4946
41
-4945
36
-4947
37
-4947
27
-4945
35
-4946
26
-4947
35
-4946
28
-4948
34
-4945
36
-4943
24
-4946
28
-4945
37
-4948
40
-4947
46
-4947
46
-4947
24
-4945
32
-4946
25
-4947
32
-4947
20
-4945
26
-4947
30
-4945
34
-4946
29
-4944
33
-4944
30
-4945
31
-4946
32
-4946
35
-4946
27
-4946
34
-4946
31
-4947
25
-4947
20
-4945
16
-4945
31
-4946
31
-4947
35
-4945
28
-4946
43
-4947
39
-4946
30
-4944
31
-4946
26
-4946
25
-4946
33
-4945
30
-4946
26
-4946
23
-4945
31
-4947
37
-4944
33
-4945
33
-4946
42
-4946
31
-4946
20
-4945
36
-4946
26
-4946
38
-4945
39
-4943
29
-4947
21
-4947
32
-4945
34
-4946
40
-4946
40
-4945
33
-4944
40
-4945
34
-4948
44
-4947
33
-4944
43
-4945
37
-4944
35
-4947
41
-4945
48
-4947
30
-4947
31
-4946
36
-4948
40
-4946
29
-4945
31
-4946
28
-4945
35
-4946
32
-4946
34
-4943
34
-4945
37
-4945
34
-4947
39
-4946
39
-4945
34
-4946
28
-4947
19
-4947
38
-4946
30
-4947
34
-4947
37
-4947
32
-4947
26
-4948
35
-4946
33
-4948
26
-4946
27
-4947
39
-4946
30
-4947
34
-4949
28
-4947
33
-4949
30
-4947
26
-4948
19
-4949
32
-4949
25
-4949
25
-4947
34
-4950
33
-4945
25
-4947
27
-4946
35
-4949
27
-4949
24
-4949
43
-4947
26
-4948
24
-4949
28
-4949
33
-4948
26
-4949
39
-4949
26
-4950
28
-4949
18
-4949
34
-4949
28
-4948
38
-4949
40
-4948
30
-4949
16
-4950
42
-4950
43
-4951
34
-4949
34
-4951
36
-4951
22
-4950
25
-4951
37
-4953
41
-4952
35
-4953
25
-4952
33
-4953
36
-4953
31
-4951
38
-4955
50
-4953
43
-4954
21
-4953
21
-4954
22
-4953
30
-4954
32
-4953
39
-4954
26
-4953
23
-4955
34
-4953
30
-4952
37
-4953
23
-4956
28
-4956
25
-4956
33
-4956
33
-4956
37
-4957
31
-4955
27
-4958
37
-4956
35
-4957
29
-4956
30
-4956
25
-4956
34
-4957
26
-4957
35
-4956
27
-4954
31
-4955
37
-4956
36
-4958
50
-4956
33
-4954
16
-4957
31
-4956
38
-4954
34
-4956
36
-4956
46
-4957
41
-4956
38
-4956
24
-4955
17
-4954
34
-4955
29
-4955
34
-4956
48
-4957
30
-4954
29
-4954
20
-4954
37
-4954
36
-4956
36
-4953
38
-4954
39
-4953
29
-4952
34
-4952
37
-4952
35
-4954
29
-4952
26
-4952
35
-4953
37
-4953
29
-4952
25
-4954
19
-4951
26
-4950
32
-4951
25
-4952
17
-4951
18
-4951
18
-4951
36
-4951
24
-4949
28
-4952
27
-4949
33
-4949
37
-4949
29
-4951
32
-4951
22
-4948
42
-4950
38
-4950
34
-4949
38
-4949
29
-4949
26
-4951
38
-4950
31
-4950
27
-4949
22
-4950
36
-4951
32
-4950
25
-4950
19
-4950
32
-4950
33
-4950
33
-4950
39
-4950
26
-4950
33
-4950
36
-4949
38
-4949
29
-4947
31
-4952
35
-4950
20
-4950
25
-4951
16
-4950
34
-4951
34
-4950
25
-4949
30
-4950
34
-4950
42
-4950
42
-4950
30
-4949
39
-4948
23
-4951
37
-4949
30
-4948
31
-4949
35
-4950
43
-4950
34
-4949
37
-4949
33
-4948
36
-4949
26
-4948
45
-4949
32
-4949
36
-4949
25
-4949
22
-4947
33
-4948
29
-4950
23
-4948
25
-4949
29
-4947
29
-4951
25
-4949
30
-4950
27
-4950
31
-4950
42
-4949
36
-4950
22
-4950
36
-4950
44
-4947
49
-4949
30
-4947
26
-4950
33
-4949
28
-4950
31
-4948
43
-4949
36
-4950
36
-4951
30
-4951
37
-4951
55
-4950
25
-4948
27
-4949
28
-4950
41
-4947
35
-4948
29
-4948
31
-4948
30
-4949
35
-4946
37
-4948
31
-4945
27
-4947
45
-4947
34
-4947
35
-4947
33
-4946
29
-4948
34
-4947
32
-4946
36
-4947
43
-4945
20
-4947
25
-4946
31
-4948
20
-4948
38
-4948
34
-4947
25
-4948
30
-4947
32
-4947
25
-4947
29
-4946
33
-4947
41
-4945
45
-4944
35
-4944
39
-4948
48
-4946
25
-4948
30
-4945
39
-4947
39
-4947
31
-4946
38
-4948
30
-4947
39
-4948
37
-4948
35
-4947
33
-4948
47
-4947
35
-4947
46
-4948
27
-4946
37
-4947
49
-4946
29
-4947
37
-4947
29
-4948
19
-4948
27
-4947
31
-4948
38
-4947
32
-4947
35
-4947
43
-4948
25
-4949
26
-4947
23
-4948
36
-4947
32
-4948
30
-4949
40
-4948
37
-4948
31
-4948
30
-4946
29
-4947
33
-4949
29
-4947
44
-4949
33
-4946
29
-4944
40
-4944
41
-4946
42
-4946
33
-4947
42
-4947
39
-4949
43
-4948
41
-4946
44
-4946
31
-4946
44
-4947
38
-4947
41
-4947
41
-4947
50
-4948
29
-4946
25
-4947
30
-4947
26
-4947
24
-4947
30
-4946
24
-4947
27
-4947
25
-4947
47
-4947
34
-4947
42
-4946
35
-4947
35
-4946
24
-4947
34
-4945
30
-4947
26
-4947
28
-4947
28
-4946
35
-4948
38
-4949
39
-4948
30
-4945
29
-4947
26
-4946
21
-4947
24
-4948
29
-4947
33
-4947
29
-4942
33
-4944
39
-4945
31
-4948
35
-4946
27
-4947
32
-4946
27
-4947
21
-4948
28
-4947
37
-4947
36
-4947
18
-4946
38
-4947
41
-4948
36
-4945
39
-4948
30
-4946
23
-4946
30
-4947
34
-4948
31
-4946
27
-4948
22
-4946
24
-4949
20
-4947
24
-4947
27
-4948
32
-4947
16
-4946
23
-4946
24
-4948
37
-4946
27
-4947
25
-4949
31
-4946
31
-4948
31
-4946
33
-4948
34
-4947
35
-4946
29
-4947
30
-4947
36
-4947
35
-4948
50
-4946
36
-4948
34
-4943
28
-4946
39
-4946
50
-4947
45
-4945
29
-4947
20
-4945
22
-4947
28
-4947
30
-4949
41
-4947
44
-4946
21
-4948
36
-4948
30
-4946
33
-4946
38
-4948
14
-4944
32
-4947
35
-4946
36
-4948
32
-4947
22
-4949
30
-4946
36
-4947
31
-4947
24
-4947
24
-4947
28
-4949
29
-4947
29
-4947
29
-4947
21
-4945
26
-4947
27
-4946
21
-4946
36
-4947
27
-4946
34
-4947
25
-4947
27
-4947
29
-4947
41
-4948
34
-4948
21
-4947
26
-4949
20
-4945
43
-4944
23
-4946
29
-4947
24
-4947
26
-4948
43
-4948
38
-4945
25
-4947
28
-4947
21
-4946
17
-4949
45
-4947
28
-4948
27
-4946
27
-4946
24
-4947
31
-4946
33
-4948
26
-4947
35
-4948
35
-4948
28
-4947
30
-4947
25
-4947
22
-4947
27
-4948
32
-4947
21
-4947
27
-4948
22
-4948
31
-4947
24
-4946
24
-4948
29
-4949
28
-4949
37
-4946
40
-4948
27
-4948
27
-4948
20
-4947
35
-4948
27
-4948
31
-4947
31
-4947
41
-4946
34
-4948
30
-4944
30
-4943
37
-4946
32
-4947
30
-4946
25
-4948
25
-4948
32
-4947
36
-4948
25
-4946
31
-4947
24
-4947
34
-4948
31
-4947
38
-4948
33
-4947
40
-4948
26
-4948
34
-4948
32
-4947
34
-4947
30
-4948
20
-4949
29
-4948
35
-4947
33
-4948
36
-4949
32
-4950
28
-4951
35
-4950
21
-4949
28
-4951
31
-4949
33
-4950
31
-4950
29
-4951
28
-4950
15
-4951
39
-4953
31
-4951
40
-4951
20
-4954
48
-4953
28
-4952
39
-4951
45
-4952
36
-4949
26
-4948
28
-4949
33
-4951
23
-4952
37
-4950
39
-4950
44
-4950
30
-4950
35
-4949
32
-4950
22
-4950
40
-4950
27
-4947
30
-4949
33
-4949
27
-4948
27
-4949
30
-4948
39
-4948
38
-4946
33
-4948
31
-4945
39
-4944
25
-4946
31
-4946
30
-4946
30
-4946
32
-4945
29
-4945
23
-4947
25
-4947
30
-4945
33
-4946
33
-4946
42
-4946
34
-4947
32
-4946
33
-4945
42
-4947
21
-4947
28
-4946
24
-4946
34
-4944
42
-4944
47
-4946
41
-4943
34
-4943
40
-4943
32
-4942
34
-4947
40
-4946
39
-4946
36
-4945
29
-4945
39
-4948
31
-4944
39
-4945
33
-4944
40
-4945
20
-4944
10
-4947
11
-4947
25
-4945
29
-4945
35
-4946
26
-4946
41
-4946
24
-4945
23
-4946
25
-4945
26
-4947
22
-4947
25
-4944
29
-4947
18
-4946
33
-4944
28
-4945
35
-4948
31
-4946
30
-4946
36
-4947
40
-4946
21
-4947
30
-4947
20
-4946
24
-4947
26
-4948
33
-4947
35
-4946
36
-4948
25
-4947
32
-4946
33
-4944
41
-4943
31
-4942
35
-4942
30
-4945
35
-4944
25
-4944
26
-4946
34
-4946
33
-4945
38
-4944
45
-4943
31
-4944
45
-4944
27
-4943
29
-4942
23
-4944
34
-4944
20
-4941
30
-4943
24
-4944
27
-4946
42
-4944
38
-4947
46
-4944
36
-4946
20
-4945
28
-4944
34
-4945
32
-4944
38
-4942
37
-4945
33
-4943
26
-4943
27
-4945
21
-4946
28
-4945
28
-4950
18
-4953
31
-4956
37
-4957
21
-4960
33
-4962
22
-4960
23
-4961
33
-4963
29
-4961
11
-4959
30
-4956
30
-4955
26
-4959
18
-4956
35
-4956
31
-4957
41
-4957
37
-4957
36
-4958
29
-4958
30
-4958
32
-4960
30
-4958
35
-4960
24
-4960
30
-4959
12
-4958
22
-4961
26
-4962
34
-4958
47
-4961
22
-4961
33
-4964
37
-4963
43
-4966
42
-4966
34
-4967
37
-4969
31
-4970
18
-4972
25
-4972
26
-4971
39
-4969
33
-4972
33
-4972
26
-4975
37
-4974
31
-4975
21
-4979
40
-4980
32
-4984
27
-4985
26
-4989
18
-4990
20
-4993
37
-4998
44
-4998
42
-5004
34
-5005
36
-5011
35
-5015
31
-5017
44
-5021
33
-5024
34
-5025
29
-5027
37
-5027
25
-5031
37
-5032
30
-5037
32
-5044
37
-5049
25
-5057
45
-5062
55
-5067
35
-5070
39
-5076
44
-5077
33
-5080
38
-5084
30
-5091
31
-5091
35
-5096
37
-5104
35
-5106
41
-5111
42
-5116
33
-5123
32
-5123
35
-5129
40
-5133
30
-5137
35
-5140
21
-5142
30
-5146
23
-5150
41
-5152
39
-5155
27
-5158
57
-5161
37
-5161
43
-5161
45
-5159
39
-5160
37
-5162
36
-5164
34
-5163
30
-5165
24
-5167
44
-5169
27
-5171
30
-5171
35
-5171
41
-5171
27
-5171
26
-5171
46
-5171
50
-5170
46
-5169
35
-5170
44
-5171
30
-5170
34
-5169
25
-5166
49
-5162
28
-5158
29
-5154
40
-5152
38
-5150
44
-5142
29
-5138
31
-5136
38
-5130
42
-5124
31
-5120
33
-5115
42
-5107
29
-5103
31
-5098
40
-5093
24
-5086
20
-5081
28
-5077
25
-5072
29
-5068
30
-5063
27
-5060
32
-5057
44
-5054
22
-5045
32
-5044
45
-5037
37
-5034
33
-5030
41
-5026
40
-5022
32
-5017
35
-5013
42
-5010
48
-5006
38
-5003
29
-4998
42
-4996
29
-4993
34
-4991
35
-4990
36
-4987
40
-4984
28
-4980
48
-4977
34
-4977
59
-4975
41
-4973
34
-4973
36
-4972
32
-4969
36
-4970
38
-4969
49
-4967
42
-4965
49
-4966
30
-4964
46
-4963
41
-4962
42
-4962
44
-4962
39
-4959
34
-4961
41
-4958
31
-4958
27
-4959
32
-4957
47
-4957
30
-4956
21
-4958
31
-4954
39
-4954
35
-4955
40
-4955
26
-4955
22
-4955
31
-4955
30
-4953
13
-4954
20
-4958
20
-4954
31
-4956
40
-4953
39
-4954
21
-4954
38
-4954
35
-4954
26
-4955
36
-4954
28
-4954
33
-4954
36
-4953
24
-4954
21
-4955
35
-4954
31
-4954
27
-4954
34
-4956
38
-4956
38
-4955
23
-4954
21
-4955
35
-4954
30
-4954
39
-4952
40
-4954
38
-4954
44
-4954
42
-4955
34
-4955
30
-4958
37
-4959
48
-4958
51
-4961
37
-4962
36
-4962
37
-4965
48
-4963
46
-4967
50
-4969
39
-4973
38
-4975
31
-4976
34
-4979
35
-4982
25
-4983
31
-4987
40
-4990
28
-4994
25
-4999
37
-5003
28
-5007
40
-5011
38
-5016
28
-5023
35
-5027
25
-5032
34
-5031
37
-5032
34
-5035
35
-5040
32
-5047
35
-5056
36
-5063
35
-5074
40
-5082
31
-5087
26
-5094
25
-5100
30
-5103
30
-5108
40
-5111
14
-5116
14
-5122
27
-5124
24
-5131
25
-5137
39
-5142
43
-5147
28
-5155
36
-5159
34
-5164
37
-5165
23
-5168
31
-5170
37
-5172
44
-5176
51
-5180
32
-5181
45
-5184
22
-5184
34
-5188
26
-5189
35
-5189
40
-5190
24
-5190
32
-5192
36
-5190
25
-5190
44
-5190
36
-5190
39
-5191
31
-5190
34
-5189
25
-5188
28
-5190
33
-5188
35
-5185
39
-5182
43
-5180
22
-5173
25
-5167
32
-5162
28
-5157
30
-5148
32
-5143
42
-5137
27
-5133
33
-5127
26
-5120
33
-5116
40
-5113
31
-5109
55
-5103
25
-5100
28
-5095
30
-5090
27
-5083
42
-5080
36
-5074
28
-5063
36
-5062
34
-5057
37
-5051
22
-5047
25
-5042
32
-5038
33
-5035
40
-5029
35
-5025
38
-5021
36
-5018
33
-5015
28
-5013
17
-5007
39
-5004
32
-5001
22
-4998
47
-4994
28
-4991
38
-4989
35
-4987
27
-4985
46
-4984
38
-4980
37
-4979
27
-4977
21
-4974
33
-4973
28
-4970
32
-4970
36
-4967
34
-4967
23
-4965
33
-4963
34
-4963
26
-4961
29
-4960
32
-4957
35
-4959
24
-4955
52
-4955
36
-4954
40
-4952
32
-4953
12
-4952
16
-4947
31
-4946
26
-4949
33
-4947
27
-4948
36
-4948
22
-4949
28
-4947
19
-4948
41
-4947
34
-4948
39
-4949
34
-4948
26
-4949
45
-4948
33
-4948
45
-4949
42
-4949
41
-4948
33
-4948
30
-4947
15
-4948
26
-4947
23
-4948
32
-4947
19
-4950
25
-4948
27
-4948
24
-4950
41
-4947
18
-4948
37
-4947
34
-4947
40
-4948
36
-4947
34
-4947
38
-4947
28
-4945
18
-4947
44
-4945
37
-4949
30
-4948
38
-4948
32
-4948
23
-4947
31
-4949
38
-4949
32
-4947
33
-4947
34
-4951
35
-4952
24
-4955
29
-4958
30
-4961
37
-4963
33
-4968
34
-4971
36
-4973
36
-4975
38
-4978
23
-4981
15
-4983
19
-4982
25
-4979
31
-4980
28
-4982
26
-4981
32
-4983
31
-4983
30
-4985
36
-4988
31
-4989
29
-4989
25
-4993
37
-4996
33
-4995
43
-4996
36
-4999
28
-4998
19
-5000
31
-5001
37
-5002
33
-5005
25
-5008
29
-5013
23
-5017
36
-5020
31
-5023
30
-5025
39
-5027
30
-5029
32
-5030
36
-5034
35
-5040
34
-5039
43
-5045
39
-5049
29
-5055
48
-5057
30
-5060
38
-5063
39
-5064
28
-5068
24
-5069
32
-5072
24
-5075
33
-5080
31
-5082
29
-5089
34
-5092
27
-5097
38
-5100
27
-5105
31
-5112
25
-5115
26
-5123
27
-5132
28
-5137
35
-5141
32
-5144
28
-5149
27
-5156
27
-5160
23
-5167
18
-5170
28
-5171
27
-5173
36
-5178
39
-5183
34
-5185
36
-5188
39
-5191
33
-5194
27
-5195
32
-5198
34
-5199
34
-5199
38
-5200
42
-5202
34
-5204
36
-5201
34
-5198
43
-5201
37
-5204
41
-5204
31
-5205
26
-5204
13
-5205
36
-5205
38
-5205
49
-5206
37
-5204
52
-5205
41
-5204
31
-5202
35
-5200
33
-5199
36
-5198
28
-5195
39
-5191
40
-5189
40
-5185
43
-5180
29
-5177
36
-5175
37
-5170
30
-5168
31
-5164
40
-5164
32
-5158
25
-5155
34
-5151
27
-5148
50
-5145
30
-5141
39
-5136
40
-5132
36
-5129
30
-5124
44
-5121
41
-5114
47
-5111
25
-5105
33
-5102
37
-5101
46
-5097
32
-5091
29
-5086
34
-5083
31
-5080
37
-5078
29
-5076
34
-5074
45
-5068
19
-5064
40
-5061
39
-5057
24
-5053
16
-5050
25
-5047
34
-5044
34
-5041
28
-5039
31
-5034
33
-5030
39
-5028
42
-5025
29
-5022
34
-5021
17
-5014
11
-5014
28
-5010
34
-5007
22
-5005
48
-5003
43
-4997
45
-4997
22
-4994
33
-4992
46
-4988
36
-4985
39
-4985
37
-4982
36
-4980
35
-4977
35
-4977
27
-4978
41
-4975
45
-4973
43
-4973
46
-4970
31
-4968
28
-4967
42
-4963
41
-4964
37
-4961
45
-4961
32
-4963
24
-4961
29
-4961
16
-4961
33
-4958
36
-4958
38
-4957
27
