132731764
499928
-4930
-8
-4930
1
-4934
2
-4934
-5
-4932
0
-4933
-13
-4933
-9
-4932
-2
-4932
6
-4932
3
-4931
0
-4929
5
-4930
1
-4931
8
-4926
6
-4929
13
-4930
2
-4930
4
-4934
9
-4931
5
-4931
3
-4929
-4
-4930
-8
-4937
14
-4931
1
-4926
3
-4927
10
-4926
2
-4936
7
-4931
8
-4934
8
-4926
0
-4932
7
-4931
-6
-4935
2
-4932
32
-4935
6
-4928
10
-4936
15
-4929
10
-4927
3
-4934
5
-4935
-12
-4932
2
-4930
-5
-4932
11
-4936
5
-4935
-2
-4922
7
-4924
-2
-4928
9
-4927
12
-4926
7
-4924
-1
-4927
-2
-4928
-4
-4931
1
-4934
8
-4930
-6
-4934
0
-4926
-4
-4929
14
-4934
10
-4929
3
-4935
-4
-4932
1
-4927
12
-4929
4
-4937
4
-4927
12
-4937
-8
-4931
9
-4935
5
-4930
14
-4932
20
-4932
12
-4931
16
-4925
25
-4930
-1
-4928
-6
-4929
7
-4929
7
-4929
12
-4931
16
-4935
1
-4931
6
-4927
2
-4931
13
-4929
3
-4929
-2
-4933
2
-4930
13
-4927
9
-4934
6
-4933
4
-4925
11
-4933
14
-4925
10
-4933
6
-4935
4
-4928
-2
-4935
1
-4930
-9
-4930
9
-4941
15
-4934
3
-4932
4
-4929
13
-4926
0
-4935
10
-4930
2
-4937
-9
-4936
2
-4933
-20
-4937
5
-4935
4
-4933
-4
-4940
2
-4926
-10
-4929
0
-4933
7
-4919
7
-4936
3
-4933
9
-4936
13
-4924
4
-4928
-12
-4922
5
-4937
3
-4925
0
-4938
8
-4939
-6
-4927
6
-4934
6
-4925
16
-4917
2
-4924
-22
-4943
-6
-4934
3
-4934
7
-4922
-9
-4927
0
-4917
3
-4932
5
-4939
6
-4930
3
-4917
7
-4920
12
-4928
6
-4928
-4
-4920
3
-4927
5
-4926
-10
-4921
-3
-4937
12
-4944
0
-4938
0
-4933
12
-4935
13
-4940
16
-4938
8
-4927
10
-4921
8
-4922
0
-4927
-5
-4947
-4
-4936
-5
-4906
-7
-4926
10
-4935
0
-4920
9
-4934
2
-4928
9
-4937
6
-4910
-1
-4940
-2
-4917
4
-4933
-6
-4929
0
-4932
6
-4946
-2
-4919
-4
-4931
-1
-4925
-9
-4933
2
-4950
-1
-4927
15
-4957
8
-4968
-2
-4909
20
-4913
13
-4938
-1
-4936
0
-4933
4
-4912
18
-4932
3
-4928
6
-4931
-9
-4969
8
-4951
1
-4927
11
-4901
3
-4935
12
-4932
3
-4928
11
-4932
9
-4946
-1
-4940
7
-4929
6
-4937
10
-4942
9
-4929
9
-4927
-1
-4933
-7
-4914
14
-4897
5
-4936
15
-4940
7
-4927
7
-4937
11
-4906
19
-4942
9
-4939
-3
-4929
3
-4952
15
-4933
-1
-4910
0
-4923
0
-4929
11
-4937
4
-4922
14
-4931
2
-4924
-2
-4942
3
-4935
6
-4915
14
-4931
12
-4918
5
-4934
-5
-4912
3
-4962
1
-4932
6
-4937
6
-4935
5
-4919
2
-4923
12
-4940
4
-4915
5
-4932
5
-4946
8
-4918
-2
-4935
3
-4942
2
-4926
-4
-4934
9
-4934
7
-4943
6
-4913
11
-4912
13
-4923
6
-4924
13
-4939
-12
-4935
0
-4937
3
-4911
13
-4922
0
-4925
10
-4916
1
-4929
-3
-4937
-5
-4930
12
-4923
8
-4936
-3
-4932
-4
-4931
-3
-4933
-7
-4939
0
-4938
14
-4921
5
-4918
0
-4924
3
-4925
-2
-4941
-3
-4922
7
-4942
12
-4936
11
-4933
14
-4944
7
-4932
2
-4921
4
-4925
9
-4918
4
-4923
15
-4936
14
-4927
6
-4929
6
-4927
10
-4933
15
-4922
15
-4929
4
-4939
18
-4921
7
-4936
9
-4932
5
-4928
6
-4932
-1
-4933
-2
-4938
15
-4925
12
-4938
8
-4934
6
-4935
17
-4926
21
-4925
9
-4927
15
-4939
2
-4935
3
-4935
-2
-4932
-1
-4926
7
-4928
10
-4925
9
-4929
-3
-4926
-6
-4934
0
-4928
15
-4936
1
-4938
5
-4935
-2
-4936
-4
-4937
10
-4939
-6
-4938
3
-4922
1
-4925
-2
-4928
7
-4928
23
-4930
-5
-4932
11
-4935
-1
-4928
2
-4937
6
-4926
5
-4930
5
-4931
-3
-4936
-6
-4929
17
-4929
-3
-4930
-5
-4924
-15
-4928
2
-4933
-1
-4927
-2
-4932
5
-4932
13
-4927
6
-4931
10
-4927
14
-4929
4
-4934
4
-4924
16
-4928
8
-4924
7
-4926
7
-4928
15
-4927
11
-4928
15
-4927
9
-4932
0
-4932
2
-4933
4
-4931
1
-4935
11
-4930
13
-4928
10
-4933
18
-4927
6
-4934
20
-4928
8
-4928
11
-4932
7
-4930
28
-4931
18
-4935
24
-4929
9
-4935
-2
-4931
4
-4927
10
-4927
7
-4927
10
-4930
2
-4929
0
-4928
15
-4929
7
-4928
15
-4927
0
-4935
17
-4932
0
-4935
12
-4925
8
-4929
0
-4926
-5
-4929
8
-4928
-1
-4932
0
-4931
2
-4928
5
-4929
8
-4932
3
-4930
3
-4930
6
-4930
1
-4936
3
-4931
-2
-4928
2
-4930
0
-4932
9
-4932
7
-4930
16
-4934
3
-4930
11
-4930
16
-4932
5
-4930
16
-4928
11
-4931
7
-4929
7
-4929
7
-4928
11
-4931
4
-4931
14
-4929
14
-4929
4
-4930
-1
-4927
6
-4929
6
-4937
-5
-4929
-6
-4930
-6
-4928
9
-4933
12
-4926
8
-4933
10
-4933
4
-4930
2
-4932
1
-4927
-1
-4933
15
-4929
7
-4931
14
-4929
9
-4929
11
-4930
6
-4934
2
-4931
-3
-4934
3
-4927
5
-4930
4
-4928
17
-4931
4
-4933
15
-4927
10
-4931
5
-4931
1
-4934
-4
-4929
10
-4933
9
-4932
10
-4923
16
-4932
7
-4927
5
-4931
8
-4931
7
-4927
11
-4932
14
-4936
4
-4928
9
-4931
18
-4929
7
-4933
11
-4929
15
-4932
7
-4930
5
-4936
2
-4933
6
-4926
6
-4931
0
-4922
6
-4928
8
-4928
3
-4930
3
-4930
-4
-4929
8
-4930
6
-4934
10
-4926
-6
-4924
2
-4930
9
-4929
-1
-4929
8
-4926
4
-4927
8
-4930
8
-4927
9
-4927
-3
-4931
-5
-4928
-4
-4934
1
-4933
7
-4928
-2
-4933
-13
-4929
1
-4931
-2
-4925
5
-4929
6
-4928
8
-4933
1
-4933
4
-4925
2
-4931
2
-4926
-1
-4934
6
-4932
6
-4932
4
-4932
5
-4925
-5
-4931
10
-4927
1
-4932
5
-4931
-1
-4934
11
-4928
-2
-4932
0
-4927
8
-4928
5
-4929
7
-4934
5
-4935
-3
-4932
2
-4922
0
-4935
13
-4926
11
-4926
11
-4931
6
-4935
15
-4931
15
-4925
12
-4933
-2
-4930
6
-4932
2
-4927
9
-4933
6
-4926
13
-4927
4
-4932
11
-4931
12
-4926
-5
-4927
-2
-4930
-2
-4937
0
-4927
-2
-4928
-1
-4928
4
-4935
7
-4928
2
-4932
6
-4929
-9
-4926
22
-4932
6
-4926
18
-4934
9
-4936
2
-4933
18
-4934
-2
-4931
7
-4929
8
-4933
8
-4928
2
-4926
4
-4932
6
-4927
14
-4932
-1
-4934
6
-4930
11
-4932
-4
-4931
5
-4929
13
-4925
0
-4935
-2
-4933
-2
-4937
-4
-4934
-9
-4926
17
-4927
3
-4924
7
-4929
4
-4932
5
-4926
16
-4930
3
-4931
2
-4932
13
-4930
14
-4934
9
-4931
7
-4930
2
-4927
9
-4927
9
-4930
2
-4930
21
-4932
9
-4934
10
-4929
-3
-4926
2
-4926
-4
-4936
8
-4932
2
-4926
13
-4931
-1
-4928
5
-4925
16
-4929
-2
-4933
-15
-4929
15
-4934
15
-4925
14
-4930
7
-4929
9
-4930
5
-4934
-19
-4928
4
-4933
-4
-4927
2
-4929
4
-4933
0
-4924
0
-4926
0
-4928
9
-4932
-8
-4932
12
-4929
0
-4930
4
-4928
0
-4927
-1
-4936
5
-4927
-6
-4931
0
-4927
6
-4933
-16
-4927
7
-4932
11
-4928
5
-4931
12
-4926
8
-4933
12
-4928
4
-4932
9
-4928
1
-4935
9
-4929
21
-4932
-9
-4931
-4
-4926
1
-4933
14
-4927
-7
-4928
4
-4934
0
-4926
-8
-4930
-2
-4929
12
-4925
13
-4933
10
-4932
-8
-4925
1
-4933
19
-4928
11
-4927
-2
-4931
-6
-4930
1
-4936
-8
-4934
-1
-4931
-11
-4926
-5
-4931
9
-4930
22
-4928
17
-4929
2
-4929
8
-4928
-2
-4932
22
-4937
6
-4932
25
-4929
5
-4929
14
-4927
-7
-4934
0
-4930
-6
-4928
-14
-4932
-1
-4932
10
-4934
12
-4932
8
-4931
0
-4931
9
-4928
2
-4928
4
-4927
11
-4928
3
-4933
-11
-4936
11
-4930
-1
-4930
7
-4926
6
-4929
-13
-4930
-10
-4928
-7
-4928
-6
-4929
13
-4931
10
-4930
4
-4926
20
-4925
-5
-4926
6
-4928
13
-4930
-1
-4930
7
-4926
4
-4931
10
-4931
-3
-4929
-3
-4933
-8
-4930
9
-4925
15
-4930
1
-4931
3
-4934
3
-4933
9
-4932
14
-4924
-8
-4928
-1
-4927
0
-4929
-1
-4932
5
-4928
-6
-4935
7
-4929
-1
-4926
7
-4929
-5
-4929
-3
-4929
0
-4932
-5
-4926
3
-4932
7
-4931
-2
-4930
-3
-4928
-3
-4931
11
-4934
0
-4925
6
-4927
0
-4930
-7
-4932
2
-4928
-1
-4929
-7
-4932
5
-4925
11
-4930
2
-4931
7
-4928
-5
-4928
11
-4926
9
-4930
-9
-4933
-4
-4929
7
-4929
-1
-4930
-15
-4930
-19
-4931
-8
-4931
-2
-4924
3
-4927
2
-4927
3
-4930
-6
-4929
-6
-4931
5
-4928
-8
-4932
-3
-4926
6
-4931
0
-4931
23
-4931
13
-4932
4
-4933
-9
-4929
-3
-4930
-6
-4930
-13
-4928
-2
-4930
1
-4930
-2
-4930
4
-4924
8
-4932
14
-4929
7
-4931
-7
-4930
1
-4930
13
-4931
-1
-4930
9
-4929
-8
-4929
0
-4928
2
-4926
5
-4932
2
-4929
-4
-4931
5
-4931
3
-4929
5
-4931
-4
-4930
-6
-4930
1
-4929
-17
-4930
-3
-4929
-16
-4932
8
-4931
-4
-4930
8
-4931
-4
-4933
-9
-4929
4
-4928
1
-4927
5
-4932
3
-4932
4
-4931
2
-4931
1
-4931
-5
-4929
8
-4927
-4
-4930
0
-4931
-12
-4929
4
-4928
5
-4931
4
-4932
-9
-4931
-12
-4931
-5
-4930
8
-4932
0
-4929
6
-4928
2
-4929
-3
-4929
-2
-4929
12
-4931
8
-4929
-2
-4932
0
-4931
13
-4931
17
-4929
4
-4929
9
-4930
4
-4932
2
-4931
5
-4932
3
-4929
-7
-4931
2
-4928
-4
-4930
3
-4930
-5
-4930
3
-4929
-3
-4928
-3
-4930
7
-4931
11
-4930
1
-4928
11
-4931
-9
-4927
2
-4929
12
-4924
-6
-4929
-4
-4932
8
-4930
-7
-4930
0
-4929
-6
-4931
-6
-4930
-7
-4927
-6
-4929
-3
-4930
-6
-4930
6
-4927
3
-4931
0
-4932
-11
-4932
-1
-4929
4
-4930
6
-4931
13
-4930
4
-4932
8
-4929
5
-4933
16
-4932
3
-4930
11
-4931
8
-4928
-1
-4931
10
-4932
9
-4930
-1
-4933
-6
-4930
12
-4928
-1
-4928
-5
-4928
-10
-4929
-1
-4927
7
-4930
3
-4931
2
-4931
-13
-4932
-3
-4932
10
-4929
-6
-4931
6
-4930
0
-4930
7
-4930
-4
-4925
8
-4927
5
-4928
6
-4932
0
-4931
7
-4929
4
-4931
-2
-4928
3
-4932
4
-4930
-11
-4931
7
-4931
17
-4931
4
-4929
9
-4927
8
-4929
4
-4932
-10
-4932
-5
-4931
-8
-4931
11
-4931
-7
-4929
2
-4931
4
-4931
5
-4930
-11
-4931
6
-4930
-9
-4929
6
-4931
-8
-4929
4
-4929
-5
-4931
-9
-4932
4
-4929
10
-4927
19
-4932
8
-4929
-1
-4929
4
-4930
4
-4932
1
-4925
-11
-4931
-6
-4929
-9
-4929
-1
-4930
-4
-4931
-3
-4929
13
-4926
15
-4924
2
-4930
-1
-4930
-2
-4931
3
-4931
-4
-4929
1
-4930
5
-4928
4
-4930
-11
-4930
-10
-4929
-23
-4930
6
-4931
9
-4932
-6
-4933
-3
-4933
-7
-4931
13
-4932
-4
-4930
-4
-4929
11
-4931
9
-4932
8
-4930
-1
-4932
5
-4930
-2
-4930
-2
-4930
-5
-4930
-7
-4929
0
-4929
2
-4929
8
-4931
6
-4929
3
-4930
11
-4928
9
-4929
-7
-4927
-15
-4929
-4
-4931
12
-4935
6
-4934
-14
-4929
-2
-4928
6
-4931
0
-4930
6
-4929
3
-4930
4
-4927
1
-4927
-1
-4929
-5
-4930
3
-4930
-9
-4929
0
-4929
-2
-4926
-3
-4927
-9
-4929
-2
-4930
-2
-4929
7
-4930
6
-4932
7
-4929
11
-4930
2
-4931
1
-4929
17
-4930
-2
-4931
-18
-4928
-1
-4931
-8
-4928
-13
-4930
0
-4930
9
-4931
6
-4931
-8
-4930
-2
-4931
-2
-4929
9
-4928
0
-4929
4
-4929
4
-4930
-9
-4931
6
-4930
-4
-4929
-8
-4930
-3
-4930
-12
-4932
-4
-4928
-8
-4929
-16
-4930
-5
-4927
8
-4929
-5
-4932
13
-4932
6
-4931
-2
-4926
5
-4928
6
-4927
11
-4930
6
-4932
10
-4930
7
-4931
-3
-4930
4
-4928
3
-4931
-1
-4931
-13
-4933
14
-4929
17
-4930
-21
-4933
-2
-4930
7
-4931
2
-4930
-7
-4929
3
-4932
-11
-4932
1
-4930
-7
-4928
0
-4930
3
-4928
-7
-4930
-2
-4929
-2
-4930
-3
-4929
-1
-4929
4
-4928
-3
-4928
1
-4930
-3
-4931
-16
-4933
-8
-4928
4
-4930
-3
-4929
-2
-4930
3
-4931
5
-4932
-6
-4927
-7
-4930
-16
-4928
-8
-4930
0
-4930
-4
-4930
-11
-4932
9
-4925
-3
-4930
8
-4927
-1
-4931
-1
-4928
7
-4931
0
-4928
-5
-4932
-5
-4930
0
-4930
-4
-4932
-14
-4932
6
-4930
-2
-4929
-22
-4933
4
-4929
1
-4927
-5
-4930
-4
-4931
-2
-4930
-3
-4929
-8
-4929
5
-4930
11
-4929
3
-4930
-4
-4928
-3
-4931
-4
-4930
2
-4930
8
-4930
3
-4930
12
-4927
3
-4929
-1
-4930
-22
-4932
6
-4934
-1
-4929
-2
-4930
11
-4930
11
-4930
0
-4931
-3
-4927
8
-4930
1
-4930
-6
-4930
7
-4929
6
-4934
9
-4928
3
-4926
5
-4925
-4
-4925
-1
-4929
-9
-4930
6
-4930
2
-4930
5
-4931
-6
-4929
-5
-4927
4
-4930
6
-4928
-5
-4931
-23
-4930
-4
-4928
4
-4929
-19
-4933
-6
-4929
-5
-4929
-12
-4928
-1
-4932
-9
-4928
-10
-4931
-19
-4927
-18
-4932
2
-4929
10
-4928
-14
-4930
-6
-4930
5
-4927
-14
-4930
8
-4928
-3
-4931
-11
-4929
-4
-4930
-10
-4930
1
-4929
-5
-4929
1
-4930
5
-4931
4
-4931
14
-4929
0
-4929
6
-4928
7
-4929
-7
-4932
6
-4933
3
-4930
8
-4927
-16
-4927
5
-4931
-3
-4930
0
-4928
-1
-4926
-6
-4925
6
-4927
1
-4928
-6
-4931
-17
-4932
-4
-4932
-3
-4928
22
-4930
4
-4933
12
-4927
-2
-4931
10
-4930
3
-4928
-8
-4929
9
-4930
3
-4927
-2
-4932
-1
-4927
-1
-4930
13
-4930
4
-4929
0
-4928
3
-4930
-9
-4929
11
-4930
3
-4932
-8
-4931
-3
-4929
6
-4932
6
-4931
-21
-4928
-25
-4932
-7
-4929
3
-4930
12
-4930
5
-4931
-1
-4931
-10
-4931
-4
-4932
-10
-4928
12
-4930
-2
-4925
-8
-4925
-4
-4930
21
-4931
-4
-4932
-17
-4931
-16
-4929
-1
-4928
0
-4928
7
-4930
17
-4928
25
-4932
-5
-4928
8
-4932
17
-4931
12
-4929
-2
-4931
2
-4931
-4
-4929
-20
-4926
3
-4932
13
-4931
23
-4928
0
-4932
7
-4932
-8
-4928
-1
-4931
2
-4932
13
-4930
-11
-4930
-9
-4929
-7
-4928
6
-4926
2
-4929
-4
-4930
3
-4930
-7
-4932
-1
-4931
11
-4928
4
-4931
2
-4930
-15
-4930
-15
-4929
10
-4930
-2
-4930
-3
-4931
0
-4929
-10
-4925
16
-4929
-8
-4926
1
-4933
-10
-4930
2
-4932
3
-4933
-10
-4929
-2
-4930
17
-4927
3
-4931
-2
-4927
16
-4932
11
-4930
11
-4930
-9
-4930
6
-4930
1
-4931
5
-4930
-5
-4930
-5
-4929
0
-4932
-4
-4932
2
-4929
4
-4931
13
-4932
0
-4928
0
-4931
0
-4934
-7
-4928
3
-4931
2
-4934
3
-4927
-1
-4930
-10
-4931
0
-4929
-2
-4927
10
-4932
-12
-4932
-2
-4930
12
-4929
11
-4927
5
-4930
8
-4927
-1
-4929
2
-4927
8
-4930
0
-4931
4
-4925
0
-4930
-14
-4930
-8
-4929
4
-4928
22
-4930
12
-4931
18
-4931
28
-4929
3
-4930
-4
-4931
5
-4929
25
-4930
10
-4930
2
-4931
3
-4930
4
-4929
1
-4930
-8
-4929
-4
-4931
-4
-4930
17
-4930
1
-4931
-7
-4929
-6
-4929
-10
-4930
2
-4931
2
-4932
13
-4930
13
-4928
-2
-4930
8
-4930
0
-4930
3
-4930
4
-4928
-6
-4929
-8
-4928
3
-4931
0
-4931
1
-4932
16
-4925
-6
-4929
2
-4928
6
-4929
3
-4931
-1
-4928
-1
-4929
3
-4928
-4
-4933
15
-4926
14
-4930
12
-4927
2
-4930
6
-4933
3
-4928
6
-4933
6
-4927
-4
-4930
5
-4927
-5
-4928
5
-4930
-13
-4929
3
-4930
2
-4931
-6
-4927
1
-4928
-4
-4930
-11
-4927
0
-4930
18
-4928
-1
-4931
-1
-4932
15
-4930
3
-4930
5
-4930
9
-4929
9
-4932
8
-4928
1
-4930
-3
-4932
-2
-4927
-4
-4930
-9
-4929
2
-4932
11
-4932
1
-4930
-6
-4928
0
-4933
3
-4932
3
-4931
1
-4928
9
-4930
8
-4932
11
-4930
0
-4930
3
-4928
-4
-4929
3
-4932
5
-4927
13
-4929
15
-4927
12
-4929
6
-4929
3
-4931
14
-4931
-3
-4930
0
-4930
7
-4930
9
-4928
14
-4929
9
-4932
0
-4930
-1
-4930
-1
-4929
11
-4931
13
-4931
4
-4931
-4
-4931
-1
-4931
21
-4929
10
-4928
-1
-4932
-10
-4927
2
-4929
1
-4925
0
-4928
5
-4929
2
-4930
2
-4929
-10
-4928
9
-4927
7
-4930
-2
-4930
10
-4932
6
-4929
3
-4929
0
-4930
4
-4934
7
-4928
14
-4928
-8
-4929
6
-4933
-1
-4931
-4
-4933
-5
-4928
2
-4930
1
-4925
9
-4928
2
-4927
8
-4928
2
-4929
-2
-4929
9
-4930
-3
-4929
0
-4932
6
-4926
-4
-4930
12
-4931
12
-4931
10
-4930
11
-4931
2
-4932
1
-4930
-3
-4928
5
-4929
2
-4930
11
-4930
12
-4930
0
-4928
4
-4930
4
-4932
1
-4932
8
-4932
4
-4929
11
-4929
-3
-4932
1
-4931
-4
-4928
5
-4930
-9
-4930
-12
-4930
-4
-4933
5
-4932
5
-4931
4
-4931
9
-4931
-5
-4930
6
-4927
-1
-4927
5
-4930
0
-4932
-3
-4929
4
-4933
7
-4929
6
-4929
1
-4925
10
-4926
-3
-4928
-12
-4926
2
-4928
-4
-4927
13
-4929
-10
-4930
0
-4931
7
-4929
4
-4925
9
-4929
3
-4929
-8
-4927
-2
-4927
-6
-4929
2
-4929
22
-4930
5
-4929
2
-4929
3
-4930
8
-4930
6
-4930
13
-4927
14
-4927
-2
-4930
3
-4926
-7
-4931
0
-4932
-10
-4931
4
-4930
8
-4928
-3
-4930
14
-4931
-2
-4930
2
-4927
1
-4931
8
-4929
1
-4929
-11
-4927
-4
-4926
-7
-4932
-2
-4931
-1
-4927
-1
-4929
7
-4924
8
-4929
-9
-4928
0
-4928
-17
-4925
2
-4926
7
-4929
9
-4925
6
-4927
8
-4930
4
-4929
-1
-4931
-1
-4927
14
-4930
-16
-4928
2
-4929
5
-4931
-1
-4926
4
-4930
7
-4929
15
-4929
6
-4931
-1
-4928
-2
-4932
6
-4929
0
-4927
-2
-4924
5
-4929
9
-4930
5
-4931
1
-4931
9
-4931
14
-4929
-4
-4927
15
-4927
-1
-4928
1
-4933
-9
-4932
-4
-4929
-5
-4928
8
-4931
11
-4927
4
-4930
4
-4930
7
-4926
-2
-4930
-3
-4930
0
-4929
4
-4929
10
-4929
-3
-4928
3
-4931
-5
-4929
7
-4927
1
-4927
-1
-4929
-1
-4930
2
-4927
-3
-4929
-5
-4930
6
-4927
4
-4927
10
-4931
-6
-4934
1
-4929
9
-4928
9
-4933
-1
-4930
9
-4929
-8
-4930
2
-4926
3
-4929
13
-4930
3
-4928
-2
-4928
15
-4931
7
-4932
1
-4926
10
-4930
8
-4928
2
-4932
-12
-4926
-21
-4932
-8
-4928
1
-4930
6
-4935
3
-4929
13
-4930
-2
-4930
-4
-4932
-5
-4929
4
-4925
-6
-4932
5
-4927
2
-4930
0
-4931
9
-4929
-4
-4932
-2
-4931
-1
-4927
-5
-4931
1
-4927
5
-4926
11
-4927
3
-4931
1
-4929
3
-4933
11
-4927
8
-4929
11
-4927
7
-4929
0
-4932
3
-4930
-1
-4930
5
-4932
4
-4928
9
-4930
-5
-4929
3
-4928
7
-4927
10
-4930
-1
-4929
0
-4927
3
-4931
4
-4931
12
-4930
-4
-4929
3
-4932
11
-4930
0
-4930
-12
-4931
-2
-4929
7
-4926
8
-4929
4
-4931
19
-4929
-1
-4931
5
-4931
-3
-4925
-8
-4930
16
-4928
-14
-4929
0
-4927
3
-4931
12
-4930
12
-4925
2
-4930
-1
-4927
11
-4928
1
-4931
2
-4923
10
-4929
1
-4927
3
-4933
-2
-4929
6
-4927
6
-4929
3
-4929
-11
-4925
1
-4930
5
-4930
-6
-4930
8
-4928
15
-4930
4
-4929
-1
-4930
5
-4928
4
-4930
0
-4928
-6
-4932
-3
-4928
0
-4926
-16
-4931
2
-4932
23
-4927
1
-4928
1
-4928
4
-4932
-3
-4929
5
-4930
5
-4928
13
-4929
-20
-4931
5
-4932
10
-4929
2
-4927
9
-4928
1
-4928
6
-4931
2
-4929
0
-4930
13
-4929
7
-4933
6
-4930
7
-4930
13
-4928
-8
-4928
1
-4931
1
-4932
-6
-4927
6
-4928
8
-4932
11
-4932
15
-4930
11
-4927
13
-4931
1
-4929
0
-4932
3
-4930
-10
-4930
-3
-4926
7
-4930
12
-4931
10
-4928
6
-4930
9
-4929
9
-4928
10
-4931
7
-4930
-7
-4933
4
-4930
-2
-4929
10
-4928
7
-4929
3
-4929
4
-4929
5
-4930
-2
-4927
-1
-4927
3
-4930
-2
-4931
5
-4933
8
-4929
1
-4930
12
-4925
8
-4927
-3
-4935
0
-4929
-3
-4931
8
-4928
16
-4932
6
-4930
4
-4925
12
-4930
-3
-4931
4
-4934
-1
-4928
-10
-4929
2
-4929
6
-4927
3
-4927
13
-4927
1
-4929
4
-4928
12
-4928
8
-4932
10
-4929
15
-4933
4
-4927
3
-4930
3
-4927
1
-4931
4
-4930
-7
-4931
11
-4928
23
-4928
16
-4928
8
-4929
16
-4931
7
-4928
-5
-4928
-4
-4931
1
-4926
6
-4928
3
-4931
23
-4930
7
-4933
2
-4928
-10
-4928
13
-4929
10
-4931
3
-4930
-9
-4929
4
-4933
4
-4932
2
-4929
7
-4930
12
-4928
-1
-4929
7
-4931
-9
-4926
10
-4931
7
-4930
-7
-4927
-5
-4928
-6
-4928
-11
-4929
-6
-4927
-1
-4932
-5
-4929
-4
-4930
0
-4930
6
-4928
9
-4932
-2
-4929
9
-4930
4
-4928
17
-4930
16
-4929
3
-4928
16
-4931
12
-4930
4
-4935
12
-4930
0
-4927
6
-4929
4
-4932
2
-4932
-7
-4931
2
-4926
3
-4927
4
-4928
13
-4930
18
-4931
12
-4931
2
-4933
5
-4930
0
-4930
-4
-4930
0
-4924
4
-4931
-5
-4932
6
-4934
-2
-4930
2
-4924
11
-4928
7
-4929
-4
-4930
7
-4930
-1
-4926
-2
-4930
7
-4928
8
-4932
2
-4931
-2
-4927
10
-4925
14
-4929
5
-4928
13
-4929
1
-4930
-1
-4930
7
-4931
-1
-4929
18
-4932
5
-4927
4
-4928
-3
-4930
-5
-4930
3
-4929
-1
-4930
12
-4931
3
-4928
1
-4927
5
-4932
-6
-4930
6
-4932
-4
-4929
3
-4930
4
-4931
4
-4931
-3
-4930
-2
-4928
-8
-4931
4
-4930
-8
-4931
-3
-4930
5
-4925
8
-4927
6
-4932
13
-4926
2
-4929
4
-4928
28
-4929
16
-4927
-1
-4929
4
-4932
1
-4930
6
-4931
4
-4926
20
-4929
13
-4929
0
-4927
-1
-4929
-4
-4927
0
-4927
-1
-4928
1
-4928
3
-4930
5
-4929
0
-4929
-1
-4930
13
-4931
15
-4929
7
-4927
7
-4927
-6
-4931
3
-4931
-1
-4929
10
-4929
8
-4932
27
-4930
-7
-4928
12
-4930
6
-4929
3
-4931
10
-4931
-3
-4928
12
-4932
0
-4925
9
-4927
12
-4931
11
-4930
-9
-4932
-7
-4931
5
-4928
0
-4930
3
-4928
6
-4928
-3
-4930
12
-4930
23
-4935
-9
-4928
5
-4930
-11
-4929
1
-4934
-3
-4927
1
-4926
-3
-4928
8
-4929
7
-4932
-2
-4929
3
-4929
6
-4928
-2
-4925
16
-4927
12
-4928
8
-4931
3
-4933
17
-4927
-4
-4931
-6
-4929
-1
-4927
0
-4928
4
-4930
11
-4928
4
-4930
2
-4929
3
-4930
1
-4931
-2
-4929
1
-4929
7
-4927
6
-4929
13
-4930
15
-4931
11
-4929
4
-4929
4
-4927
10
-4930
-1
-4928
2
-4930
11
-4929
3
-4929
7
-4929
15
-4930
5
-4930
3
-4930
8
-4931
7
-4929
1
-4929
0
-4928
3
-4931
14
-4929
15
-4928
2
-4929
-1
-4929
4
-4930
4
-4929
-1
-4928
11
-4929
18
-4929
21
-4927
2
-4928
-1
-4927
-1
-4930
-3
-4930
11
-4931
-9
-4930
-2
-4930
1
-4930
0
-4929
-6
-4929
6
-4930
-8
-4929
9
-4928
1
-4931
-8
-4931
-7
-4930
-2
-4931
7
-4930
9
-4930
5
-4930
12
-4930
9
-4930
1
-4929
6
-4930
-2
-4930
-3
-4929
-5
-4929
2
-4930
4
-4929
0
-4929
7
-4929
23
-4929
15
-4930
0
-4931
-1
-4929
1
-4930
9
-4929
12
-4930
13
-4931
-11
-4929
4
-4932
5
-4929
2
-4929
1
-4928
4
-4927
10
-4929
-3
-4931
-3
-4930
4
-4926
-3
-4928
2
-4926
4
-4928
8
-4929
-3
-4930
-11
-4931
-6
-4930
4
-4927
3
-4928
-2
-4929
-1
-4928
10
-4929
-5
-4932
-8
-4930
2
-4929
8
-4929
0
-4931
10
-4929
10
-4930
8
-4929
7
-4929
7
-4930
-3
-4931
12
-4928
0
-4928
-1
-4930
2
-4928
15
-4931
9
-4930
8
-4931
12
-4929
4
-4930
6
-4930
7
-4930
1
-4930
2
-4929
9
-4931
0
-4930
0
-4930
-3
-4928
-10
-4928
4
-4930
6
-4930
-2
-4930
7
-4929
11
-4928
0
-4928
-5
-4930
8
-4926
12
-4927
3
-4930
4
-4930
-11
-4930
1
-4929
1
-4930
-4
-4931
9
-4928
4
-4928
-1
-4929
-2
-4929
-10
-4930
-2
-4929
-8
-4931
11
-4930
-3
-4930
10
-4930
-8
-4929
-2
-4931
3
-4929
3
-4928
10
-4929
5
-4928
7
-4929
7
-4928
0
-4930
13
-4931
6
-4927
14
-4929
14
-4929
13
-4929
-4
-4931
6
-4927
3
-4928
9
-4929
5
-4931
9
-4929
10
-4930
6
-4930
3
-4930
4
-4930
6
-4929
3
-4929
6
-4928
5
-4930
23
-4930
4
-4930
21
-4930
13
-4926
5
-4930
17
-4928
18
-4929
14
-4930
7
-4930
1
-4930
9
-4929
8
-4929
-3
-4928
8
-4930
24
-4931
-4
-4929
4
-4931
4
-4929
15
-4927
11
-4929
19
-4929
0
-4931
0
-4929
13
-4928
20
-4929
1
-4929
8
-4931
6
-4931
2
-4930
-3
-4928
0
-4929
0
-4930
-3
-4931
-3
-4929
2
-4930
5
-4929
13
-4928
12
-4929
15
-4929
16
-4930
18
-4929
16
-4929
5
-4929
22
-4929
16
-4929
14
-4930
14
-4930
11
-4928
10
-4928
1
-4929
12
-4927
4
-4924
7
-4927
-1
-4928
5
-4929
6
-4929
16
-4927
20
-4928
8
-4928
13
-4930
10
-4928
17
-4930
16
-4931
4
-4929
0
-4929
8
-4929
5
-4928
9
-4929
10
-4929
5
-4928
8
-4927
4
-4930
19
-4929
18
-4929
19
-4930
8
-4930
13
-4929
16
-4929
17
-4929
7
-4928
9
-4930
17
-4929
19
-4930
7
-4930
4
-4930
-2
-4931
16
-4928
21
-4930
17
-4928
22
-4930
25
-4927
6
-4927
11
-4929
6
-4929
21
-4929
12
-4930
22
-4929
19
-4928
11
-4929
18
-4930
32
-4929
23
-4929
8
-4927
19
-4929
15
-4931
7
-4930
11
-4929
12
-4929
21
-4930
20
-4929
12
-4929
26
-4930
19
-4927
15
-4930
13
-4930
14
-4930
16
-4929
13
-4931
14
-4929
20
-4929
22
-4929
28
-4929
28
-4929
19
-4930
36
-4929
25
-4930
27
-4930
27
-4930
26
-4929
36
-4930
31
-4929
19
-4930
32
-4929
28
-4929
21
-4929
20
-4929
33
-4931
19
-4930
23
-4930
33
-4931
24
-4929
35
-4928
29
-4930
28
-4930
27
-4930
34
-4930
16
-4926
36
-4927
39
-4927
35
-4930
39
-4930
40
-4929
30
-4929
20
-4928
28
-4930
46
-4930
30
-4928
42
-4928
38
-4930
30
-4930
41
-4929
35
-4930
42
-4930
42
-4930
41
-4931
35
-4929
33
-4927
51
-4929
29
-4929
38
-4927
41
-4930
44
-4930
43
-4931
37
-4928
52
-4930
53
-4927
53
-4930
50
-4930
50
-4929
45
-4930
60
-4929
51
-4929
59
-4929
51
-4930
58
-4929
45
-4929
54
-4927
47
-4929
53
-4930
64
-4931
61
-4928
63
-4929
64
-4928
66
-4927
71
-4928
66
-4929
63
-4929
59
-4930
69
-4929
78
-4929
54
-4928
70
-4928
93
-4930
75
-4930
72
-4930
83
-4930
84
-4929
79
-4927
79
-4928
76
-4927
94
-4929
95
-4930
103
-4932
98
-4930
85
-4929
105
-4927
108
-4930
95
-4929
94
-4929
107
-4929
135
-4931
126
-4928
2222
-4929
106
-4927
103
-4929
101
-4930
102
-4930
98
-4927
100
-4930
104
-4931
105
-4928
91
-4930
96
-4930
112
-4930
99
-4929
256
-4930
145
-4930
133
-4930
132
-4926
5551
-4929
487
-4927
500
-4931
167
-4930
165
-4929
3220
-4931
200
-4931
186
-4931
212
-4930
312
-4931
248
-4932
260
-4933
269
-4934
284
-4933
300
-4935
312
-4933
347
-4938
357
-4939
391
-4938
405
-4940
432
-4942
471
-4945
503
-4946
549
-4951
574
-4955
623
-4963
666
-4969
712
-4973
762
-4978
821
-4979
874
-4980
1076
-4980
1019
-4983
1080
-4985
1175
-4985
1276
-4987
1314
-4989
1402
-4990
1496
-4992
1612
-4992
1675
-4993
1813
-4998
1914
-5002
1972
-5009
2062
-5011
2174
-5015
2250
-5018
2352
-5020
2469
-5024
2575
-5025
2657
-5029
2773
-5032
2904
-5035
2980
-5038
3100
-5042
3216
-5046
3316
-5047
3420
-5051
3541
-5054
3618
-5054
3726
-5057
3846
-5060
3933
-5060
4028
-5060
4143
-5065
4227
-5066
4325
-5068
4442
-5070
4514
-5073
4622
-5072
4721
-5076
4786
-5075
4890
-5074
4981
-5078
5022
-5080
5129
-5081
5195
-5080
5255
-5082
5307
-5085
5395
-5088
5454
-5100
6011
-5104
6074
-5103
6114
-5107
6204
-5109
6257
-5109
6326
-5113
6394
-5115
6465
-5117
6531
-5120
6597
-5118
6650
-5120
6696
-5125
6779
-5126
6844
-5130
6919
-5133
7000
-5134
7037
-5135
7096
-5138
7186
-5139
7264
-5141
7276
-5140
7330
-5142
7389
-5143
7424
-5145
7423
-5148
7490
-5149
7554
-5152
7669
-5155
7744
-5157
7769
-5163
7846
-5169
7947
-5171
8024
-5173
8116
-5172
8171
-5173
8173
-5175
8205
-5181
8335
-5187
8387
-5190
8605
-5193
8633
-5201
8723
-5206
8812
-5211
8919
-5210
8968
-5219
9075
-5213
9128
-5214
9171
-5223
9276
-5226
9372
-5227
9457
-5232
9532
-5236
9597
-5242
9713
-5249
9838
-5257
9959
-5264
10098
-5266
10222
-5272
10292
-5271
10406
-5266
10518
-5270
10595
-5273
10689
-5276
10809
-5276
10845
-5279
10921
-5281
11013
-5283
11080
-5286
11204
-5286
11305
-5288
11365
-5290
11400
-5288
11398
-5293
11501
-5295
11574
-5298
11706
-5301
11775
-5300
11834
-5301
11907
-5305
11924
-5302
11909
-5307
11924
-5309
12011
-5312
12138
-5315
12278
-5317
12277
-5318
12293
-5319
12332
-5319
12447
-5322
12563
-5326
12593
-5327
12602
-5327
12667
-5328
12733
-5328
12722
-5333
12756
-5336
12821
-5338
12951
-5343
13095
-5341
13088
-5338
12966
-5344
12997
-5348
13101
-5353
13336
-5358
13473
-5357
13500
-5355
13479
-5358
13494
-5365
13559
-5367
13746
-5370
13888
-5371
13894
-5370
13907
-5366
13917
-5370
13890
-5370
13907
-5375
14044
-5378
14138
-5379
14181
-5382
14244
-5378
14256
-5381
14233
-5383
14227
-5383
14069
-5383
14049
-5386
14349
-5386
14484
-5389
14503
-5393
14542
-5389
14487
-5394
14513
-5389
14530
-5392
14419
-5393
14543
-5395
14681
-5398
14839
-5400
14827
-5400
14869
-5403
14906
-5404
14960
-5403
15019
-5406
15102
-5407
15153
-5405
15134
-5409
15166
-5408
15042
-5407
14960
-5409
14836
-5407
14822
-5409
14839
-5407
15096
-5410
15303
-5413
15330
-5412
15242
-5414
15294
-5419
15412
-5416
15470
-5417
15438
-5417
15393
-5418
15460
-5415
15469
-5421
15445
-5424
15410
-5423
15497
-5424
15715
-5427
15743
-5425
15769
-5424
15837
-5428
15829
-5427
15827
-5432
15963
-5431
15914
-5432
15937
-5434
15841
-5432
15785
-5432
15671
-5432
15581
-5432
15551
-5431
15670
-5434
15837
-5433
15858
-5433
15871
-5435
15954
-5436
15988
-5433
15962
-5435
15999
-5433
15867
-5432
15826
-5434
15903
-5435
15995
-5436
16068
-5439
16113
-5441
16159
-5439
16221
-5439
16208
-5440
16149
-5440
16155
-5442
16150
-5444
16241
-5445
16332
-5445
16315
-5445
16118
-5445
16061
-5442
15996
-5443
15938
-5443
15807
-5444
15841
-5445
15977
-5443
16208
-5446
16219
-5444
16268
-5448
16356
-5450
16406
-5450
16514
-5450
16605
-5448
16615
-5451
16482
-5451
16245
-5451
16127
-5447
15994
-5452
15897
-5449
15948
-5450
15987
-5445
16327
-5448
16291
-5448
16282
-5450
16343
-5449
16338
-5452
16376
-5450
16278
-5451
16115
-5450
16188
-5453
16313
-5450
16430
-5453
16406
-5451
16393
-5451
16400
-5450
16514
-5450
16445
-5451
16356
-5451
16357
-5451
16369
-5451
16396
-5451
16311
-5450
16300
-5452
16376
-5454
16666
-5456
16812
-5458
16923
-5460
16897
-5460
16929
-5459
16849
-5459
16634
-5460
16449
-5458
16237
-5458
16107
-5459
16082
-5458
15984
-5459
15934
-5459
16112
-5458
16254
-5457
16341
-5456
16433
-5458
16468
-5460
16435
-5462
16391
-5461
16171
-5459
16071
-5459
15928
-5459
15801
-5460
15797
-5459
15868
-5457
15925
-5457
16093
-5455
16299
-5457
16365
-5457
16365
-5461
16364
-5456
16326
-5456
16315
-5453
16264
-5457
16253
-5456
16408
-5458
16540
-5461
16377
-5458
16163
-5456
16013
-5458
15919
-5455
15905
-5457
15873
-5457
15805
-5457
15857
-5460
16130
-5459
16214
-5456
16198
-5459
16211
-5456
16222
-5458
16218
-5457
16196
-5460
15943
-5458
15837
-5461
15967
-5458
15991
-5457
15903
-5457
15842
-5456
15933
-5457
16193
-5459
16368
-5459
16339
-5456
16285
-5458
16309
-5461
16270
-5458
16100
-5460
15870
-5457
15742
-5456
15635
-5457
15692
-5461
15814
-5459
15830
-5459
15825
-5457
15827
-5458
15899
-5458
15979
-5458
15932
-5456
15827
-5456
15955
-5457
16021
-5456
16058
-5456
15885
-5457
15946
-5458
16090
-5456
16078
-5458
15951
-5454
15882
-5456
15952
-5455
16043
-5456
15910
-5456
15690
-5456
15598
-5461
15576
-5457
15713
-5459
15678
-5458
15572
-5458
15604
-5459
15557
-5458
15599
-5456
15594
-5455
15524
-5459
15609
-5459
15692
-5461
15650
-5459
15564
-5460
15414
-5459
15310
-5459
15223
-5462
15184
-5461
15095
-5458
15020
-5456
14948
-5454
15104
-5458
15331
-5459
15496
-5459
15504
-5456
15419
-5458
15429
-5459
15600
-5459
15532
-5460
15403
-5458
15254
-5454
15160
-5455
15355
-5457
15355
-5460
15206
-5457
15047
-5460
14944
-5457
14856
-5459
14919
-5458
14913
-5457
14869
-5458
14871
-5456
14936
-5456
15048
-5456
15166
-5456
15171
-5461
15279
-5460
15331
-5460
15313
-5458
15244
-5456
15122
-5458
14877
-5460
14810
-5459
14667
-5459
14512
-5457
14472
-5455
14428
-5456
14430
-5456
14502
-5455
14716
-5458
14839
-5459
14899
-5460
14961
-5457
14845
-5457
14661
-5453
14588
-5459
14613
-5458
14573
-5451
14526
-5455
14566
-5458
14513
-5457
14492
-5457
14379
-5458
14283
-5458
14208
-5460
14169
-5459
14055
-5456
13986
-5455
13980
-5458
14095
-5461
14091
-5458
14042
-5456
13985
-5457
14019
-5455
14084
-5456
13984
-5454
13856
-5454
13762
-5457
13771
-5459
13836
-5461
13839
-5455
13784
-5461
13794
-5461
13828
-5460
13777
-5459
13639
-5457
13481
-5459
13373
-5458
13322
-5458
13313
-5458
13249
-5458
13264
-5459
13327
-5459
13332
-5457
13418
-5454
13553
-5453
13598
-5455
13619
-5456
13676
-5458
13705
-5456
13725
-5459
13436
-5462
13333
-5462
13295
-5456
13185
-5453
13096
-5457
13072
-5459
13055
-5458
13103
-5456
13127
-5455
13170
-5459
13196
-5460
13055
-5456
13007
-5453
13009
-5459
13049
-5458
13150
-5458
13026
-5457
12786
-5459
12810
-5458
12802
-5456
12671
-5458
12612
-5459
12581
-5459
12524
-5456
12491
-5457
12568
-5456
12632
-5458
12723
-5461
12912
-5457
12854
-5456
12511
-5456
12366
-5458
12323
-5455
12270
-5457
12204
-5458
12173
-5457
12166
-5456
12160
-5458
12155
-5456
12123
-5455
12076
-5454
11994
-5456
12078
-5457
12204
-5456
12252
-5454
12371
-5458
12385
-5458
12164
-5456
12005
-5455
11861
-5453
11784
-5453
11719
-5454
11664
-5455
11614
-5455
11585
-5454
11568
-5451
11635
-5451
11656
-5450
11602
-5449
11614
-5452
11624
-5449
11558
-5444
11366
-5442
11323
-5446
11318
-5442
11260
-5437
11193
-5430
11117
-5435
11101
-5430
11118
-5433
11143
-5431
11333
-5432
11496
-5435
11511
-5433
11475
-5430
11481
-5431
11410
-5429
11293
-5425
11087
-5424
11014
-5420
10970
-5419
10953
-5419
10933
-5416
10926
-5413
10807
-5410
10707
-5409
10651
-5406
10610
-5404
10602
-5406
10581
-5404
10598
-5401
10576
-5398
10564
-5398
10581
-5399
10617
-5394
10572
-5394
10434
-5391
10330
-5389
10329
-5390
10281
-5386
10295
-5387
10246
-5386
10226
-5377
10239
-5376
10118
-5376
10042
-5375
10019
-5372
9933
-5372
9917
-5371
9915
-5366
9849
-5365
9741
-5362
9731
-5362
9695
-5359
9649
-5359
9636
-5355
9562
-5352
9476
-5350
9418
-5351
9445
-5350
9509
-5349
9610
-5348
9840
-5348
9869
-5346
9883
-5346
9842
-5349
9833
-5346
9777
-5343
9544
-5345
9404
-5338
9353
-5336
9266
-5330
9148
-5331
9091
-5326
9015
-5324
8961
-5324
8921
-5323
8874
-5323
8869
-5323
8925
-5320
8949
-5319
8903
-5314
8774
-5313
8737
-5316
8707
-5313
8712
-5314
8774
-5312
8691
-5309
8549
-5303
8484
-5304
8451
-5301
8408
-5300
8376
-5296
8332
-5296
8256
-5294
8191
-5292
8159
-5287
8140
-5289
8085
-5286
8034
-5286
7994
-5283
7965
-5280
7941
-5282
7952
-5280
7951
-5278
7889
-5279
7890
-5276
7857
-5271
7768
-5268
7706
-5266
7654
-5263
7576
-5262
7509
-5257
7446
-5251
7400
-5253
7303
-5245
7222
-5243
7132
-5238
7053
-5232
6961
-5231
6915
-5230
6884
-5226
6842
-5228
6815
-5226
6791
-5225
6763
-5227
6831
-5230
6944
-5225
6917
-5226
6931
-5226
6972
-5226
6952
-5226
6974
-5227
6966
-5223
6870
-5223
6766
-5226
6732
-5223
6692
-5221
6638
-5218
6582
-5217
6521
-5213
6446
-5210
6372
-5210
6354
-5210
6299
-5205
6242
-5204
6200
-5203
6170
-5201
6144
-5201
6171
-5201
6135
-5198
6113
-5195
5987
-5191
5917
-5191
5871
-5186
5835
-5181
5787
-5178
5719
-5178
5659
-5175
5630
-5173
5556
-5162
5444
-5160
5419
-5159
5333
-5157
5258
-5155
5214
-5152
5155
-5150
5086
-5148
5019
-5143
4977
-5142
4898
-5139
4829
-5135
4789
-5132
4725
-5129
4662
-5132
4635
-5127
4588
-5126
4532
-5124
4470
-5124
4417
-5120
4373
-5115
4322
-5115
4278
-5115
4229
-5111
4191
-5109
4141
-5110
4111
-5110
4104
-5108
4069
-5104
4038
-5106
3998
-5104
3989
-5103
3953
-5103
3911
-5099
3880
-5100
3844
-5097
3813
-5098
3784
-5096
3736
-5092
3705
-5088
3681
-5086
3597
-5084
3557
-5078
3513
-5080
3451
-5075
3399
-5074
3360
-5069
3308
-5066
3241
-5064
3199
-5062
3126
-5060
3089
-5057
3036
-5057
2985
-5054
2918
-5050
2871
-5050
2839
-5049
2803
-5047
2771
-5048
2744
-5047
2715
-5048
2646
-5048
2647
-5045
2602
-5043
2552
-5044
2530
-5040
2496
-5039
2449
-5037
2422
-5036
2387
-5035
2382
-5035
2372
-5036
2366
-5035
2348
-5034
2353
-5034
2322
-5031
2306
-5030
2299
-5032
2280
-5031
2243
-5025
2230
-5028
2201
-5024
2181
-5028
2150
-5026
2134
-5026
2104
-5024
2062
-5025
2056
-5021
2019
-5022
1982
-5017
1960
-5016
1935
-5013
1891
-5011
1869
-5011
1844
-5009
1809
-5006
1794
-5006
1764
-5005
1732
-5005
1714
-5004
1687
-5002
1650
-5001
1618
-4999
1590
-4997
1553
-4998
1523
-4996
1489
-4993
1463
-4991
1427
-4988
1411
-4987
1383
-4985
1336
-4983
1322
-4982
1295
-4980
1255
-4977
1234
-4975
1191
-4973
1166
-4971
1138
-4965
1100
-4963
1059
-4961
1029
-4962
1002
-4960
972
-4958
937
-4956
916
-4954
884
-4954
854
-4950
830
-4950
803
-4951
780
-4948
751
-4947
731
-4946
696
-4942
677
-4941
660
-4938
626
-4939
612
-4938
591
-4938
570
-4933
547
-4934
533
-4934
519
-4934
490
-4935
482
-4934
479
-4937
444
-4935
439
-4935
419
-4936
410
-4935
386
-4935
362
-4936
347
-4936
337
-4935
337
-4935
307
-4934
303
-4934
292
-4935
268
-4935
269
-4935
244
-4934
230
-4932
227
-4934
217
-4929
201
-4932
188
-4934
181
-4934
170
-4933
181
-4934
165
-4934
148
-4934
156
-4935
134
-4933
139
-4933
133
-4933
123
-4935
117
-4934
114
-4934
115
-4933
105
-4934
98
-4932
111
-4932
89
-4934
90
-4933
81
-4933
76
-4932
73
-4934
60
-4932
60
-4933
60
-4933
53
-4933
62
-4933
53
-4932
53
-4932
48
-4933
38
-4934
52
-4935
41
-4933
46
-4933
31
-4933
46
-4933
43
-4932
44
-4932
45
-4933
36
-4934
41
-4930
32
-4932
24
-4932
41
-4932
16
-4933
33
-4935
26
-4933
30
-4934
34
-4932
18
-4933
21
-4932
19
-4931
19
-4931
25
-4933
35
-4933
35
-4932
19
-4932
16
-4934
20
-4932
38
-4933
16
-4933
33
-4931
21
-4933
17
-4932
5
-4931
15
-4932
20
-4934
6
-4933
25
-4931
21
-4931
32
-4932
17
-4932
20
-4933
26
-4931
19
-4932
19
-4932
12
-4933
9
-4933
23
-4935
34
-4932
13
-4933
20
-4932
14
-4932
20
-4934
22
-4932
9
-4933
18
-4932
22
-4928
12
-4931
21
-4931
7
-4933
21
-4933
21
-4933
21
-4933
15
-4933
7
-4932
11
-4934
19
-4934
20
-4934
22
-4932
19
-4931
15
-4932
6
-4931
9
-4932
13
-4933
20
-4933
25
-4933
13
-4934
9
-4932
9
-4932
13
-4931
8
-4933
14
-4934
16
-4932
24
-4933
21
-4934
23
-4932
22
-4931
17
-4932
27
-4933
19
-4933
21
-4932
10
-4931
17
-4931
15
-4933
17
-4932
5
-4932
27
-4933
17
-4934
21
-4933
2
-4934
1
-4931
13
-4934
10
-4935
14
-4934
9
-4931
10
-4931
10
-4930
17
-4931
25
-4934
18
-4932
23
-4933
19
-4931
5
-4933
8
-4932
15
-4934
15
-4933
23
-4932
15
-4931
10
-4932
11
-4932
7
-4932
14
-4931
26
-4932
16
-4933
15
-4933
4
-4931
22
-4930
19
-4933
13
-4933
24
-4932
13
-4932
14
-4933
1
-4930
6
-4933
12
-4931
12
-4933
19
-4932
11
-4932
9
-4933
12
-4933
30
-4934
17
-4933
9
-4933
13
-4933
11
-4932
17
-4931
18
-4931
4
-4933
6
-4933
11
-4933
10
-4933
18
-4929
12
-4931
17
-4931
11
-4932
15
-4932
7
-4933
22
-4932
9
-4931
13
-4931
14
-4932
9
-4935
9
-4932
5
-4933
-1
-4931
1
-4932
12
-4933
14
-4931
6
-4932
0
-4932
16
-4932
6
-4931
9
-4932
1
-4934
4
-4932
7
-4932
10
-4932
6
-4931
10
-4932
18
-4933
15
-4930
6
-4932
7
-4932
13
-4933
16
-4934
13
-4932
-1
-4932
13
-4932
9
-4932
14
-4932
10
-4934
6
-4931
5
-4933
12
-4933
16
-4932
23
-4931
15
-4933
5
-4933
15
-4931
16
-4935
12
-4928
16
-4931
22
-4930
8
-4933
13
-4933
6
-4934
4
-4933
9
-4932
16
-4932
18
-4932
13
-4933
8
-4932
11
-4932
7
-4932
10
-4933
7
-4933
8
-4932
11
-4935
10
-4932
3
-4930
26
-4933
12
-4931
12
-4932
1
-4931
-2
-4932
0
-4932
0
-4931
9
-4931
17
-4931
10
-4932
4
-4933
2
-4931
9
-4935
-2
-4933
-6
-4932
14
-4933
21
-4931
7
-4930
4
-4933
6
-4933
4
-4933
18
-4931
10
-4930
15
-4931
25
-4931
0
-4932
0
-4933
10
-4933
-1
-4929
19
-4932
15
-4930
10
-4933
9
-4933
13
-4932
9
-4933
3
-4932
8
-4931
2
-4933
5
-4932
13
-4931
6
-4930
21
-4933
14
-4931
11
-4931
1
-4932
10
-4932
9
-4932
5
-4932
-4
-4934
10
-4931
7
-4931
16
-4933
9
-4931
2
-4932
15
-4931
-4
-4932
5
-4932
3
-4931
1
-4931
8
-4932
17
-4931
8
-4931
14
-4933
6
-4932
9
-4933
17
-4932
5
-4931
-3
-4931
0
-4931
7
-4932
4
-4931
17
-4932
-5
-4932
5
-4931
14
-4932
5
-4934
1
-4931
2
-4930
11
-4932
3
-4929
8
-4932
10
-4933
6
-4931
-2
-4929
-2
-4931
14
-4932
3
-4932
13
-4932
6
-4932
20
-4933
14
-4932
12
-4931
14
-4931
12
-4932
2
-4932
18
-4933
12
-4931
8
-4933
25
-4933
9
-4933
10
-4932
10
-4931
13
-4931
13
-4932
15
-4931
12
-4932
13
-4932
7
-4931
3
-4932
10
-4932
-2
-4931
11
-4932
4
-4933
7
-4931
14
-4932
-7
-4931
8
-4931
0
-4931
15
-4932
10
-4932
8
-4932
13
-4933
7
-4931
5
-4931
7
-4933
2
-4931
7
-4929
10
-4929
4
-4929
16
-4932
14
-4931
20
-4932
15
-4931
5
-4933
14
-4931
6
-4932
6
-4933
8
-4932
10
-4931
6
-4930
0
-4931
-11
-4931
13
-4931
13
-4932
0
-4931
14
-4931
3
-4932
0
-4931
-7
-4931
7
-4929
11
-4932
0
-4931
7
-4931
0
-4930
10
-4931
14
-4932
8
-4932
3
-4932
0
-4932
9
-4932
3
-4932
4
-4931
10
-4929
15
-4932
10
-4931
19
-4932
3
-4932
-2
-4932
10
-4934
1
-4931
12
-4931
4
-4933
4
-4930
14
-4931
9
-4929
2
-4931
5
-4930
4
-4930
6
-4930
11
-4931
4
-4932
-8
-4933
-3
-4932
-4
-4930
3
-4931
0
-4931
1
-4931
10
-4930
0
-4931
8
-4931
9
-4932
17
-4932
9
-4933
18
-4931
7
-4929
12
-4930
5
-4931
6
-4931
21
-4932
22
-4931
23
-4931
4
-4931
-2
-4934
10
-4932
8
-4931
16
-4931
14
-4932
3
-4931
1
-4930
1
-4930
13
-4932
11
-4931
5
-4931
-2
-4931
7
-4931
17
-4932
-3
-4931
4
-4931
6
-4930
2
-4932
2
-4930
3
-4930
8
-4931
0
-4932
14
-4927
4
-4930
-5
-4929
1
-4931
3
-4930
12
-4932
11
-4932
9
-4930
3
-4931
5
-4932
5
-4933
8
-4933
18
-4932
3
-4930
-1
-4932
2
-4931
4
-4932
3
-4932
-2
-4932
-7
-4932
-12
-4931
9
-4932
5
-4931
14
-4932
14
-4932
3
-4931
1
-4931
3
-4930
3
-4932
3
-4931
8
-4930
7
-4933
5
-4930
1
-4931
6
-4933
-11
-4931
7
-4932
6
-4931
10
-4932
7
-4931
13
-4933
0
-4931
6
-4930
7
-4931
14
-4931
-9
-4933
9
-4930
9
-4931
11
-4931
7
-4929
2
-4928
11
-4929
13
-4929
7
-4930
6
-4932
0
-4932
7
-4930
6
-4933
8
-4931
6
-4931
-5
-4931
11
-4931
16
-4932
4
-4931
12
-4931
7
-4932
3
-4930
-2
-4930
5
-4930
15
-4932
15
-4932
13
-4931
7
-4930
8
-4931
0
-4931
2
-4930
7
-4930
14
-4932
7
-4931
6
-4932
5
-4931
6
-4931
12
-4929
8
-4931
15
-4932
7
-4930
0
-4931
7
-4931
13
-4932
8
-4932
-2
-4932
14
-4932
2
-4930
-2
-4932
-2
-4931
1
-4931
3
-4931
4
-4930
5
-4928
5
-4930
12
-4929
5
-4931
-1
-4932
12
-4931
1
-4932
2
-4932
7
-4931
0
-4929
6
-4931
5
-4931
12
-4931
20
-4932
7
-4931
14
-4931
3
-4930
2
-4930
-2
-4930
11
-4930
5
-4931
3
-4930
10
-4930
-5
-4931
2
-4932
13
-4931
9
-4932
20
-4932
10
-4931
4
-4932
2
-4932
12
-4932
18
-4930
-2
-4932
14
-4932
-4
-4933
6
-4930
-1
-4932
5
-4932
12
-4930
2
-4931
12
-4930
0
-4930
9
-4932
4
-4932
13
-4931
22
-4929
4
-4931
4
-4931
-3
-4927
7
-4929
8
-4929
8
-4933
10
-4932
15
-4932
14
-4931
5
-4931
9
-4932
1
-4932
-7
-4932
6
-4933
8
-4932
-3
-4930
-1
-4931
6
-4931
-1
-4932
0
-4933
2
-4930
-5
-4930
-10
-4931
23
-4931
11
-4932
10
-4932
-7
-4931
11
-4931
-3
-4931
10
-4933
6
-4931
1
-4932
12
-4931
10
-4931
11
-4932
11
-4932
5
-4932
8
-4929
-2
-4932
4
-4929
16
-4932
5
-4932
14
-4932
12
-4932
9
-4931
7
-4930
4
-4932
16
-4930
18
-4930
25
-4931
16
-4926
4
-4930
9
-4928
10
-4930
12
-4931
4
-4930
14
-4932
12
-4929
-5
-4932
-5
-4931
-1
-4930
6
-4931
11
-4933
-3
-4930
2
-4932
14
-4931
1
-4930
9
-4931
1
-4930
14
-4931
12
-4932
11
-4931
15
-4931
21
-4931
21
-4931
11
-4930
14
-4931
-2
-4932
11
-4931
3
-4931
11
-4932
7
-4930
18
-4932
5
-4931
10
-4931
-1
-4931
-4
-4932
0
-4931
12
-4930
1
-4932
5
-4930
11
-4931
6
-4931
-14
-4929
3
-4931
3
-4930
8
-4931
8
-4932
5
-4932
5
-4928
10
-4929
14
-4929
6
-4932
10
-4932
12
-4931
8
-4932
9
-4932
4
-4932
15
-4930
12
-4931
11
-4930
11
-4930
11
-4932
7
-4931
1
-4932
4
-4930
2
-4930
10
-4929
2
-4931
12
-4930
12
-4931
3
-4932
-4
-4932
5
-4930
8
-4931
4
-4930
1
-4930
5
-4932
13
-4930
12
-4932
8
-4932
8
-4931
1
-4930
14
-4930
7
-4930
12
-4930
10
-4929
19
-4932
6
-4932
8
-4931
0
-4930
4
-4931
13
-4930
14
-4930
8
-4931
6
-4932
8
-4932
14
-4931
2
-4931
17
-4930
11
-4930
17
-4931
23
-4930
8
-4931
10
-4931
6
-4933
3
-4931
0
-4931
1
-4931
9
-4931
16
-4930
-3
-4931
7
-4930
2
-4930
7
-4932
15
-4930
6
-4930
13
-4930
6
-4929
4
-4931
-3
-4931
-6
-4931
-20
-4930
15
-4928
16
-4931
5
-4931
12
-4932
14
-4929
11
-4932
3
-4929
-3
-4931
-5
-4930
-1
-4931
-5
-4930
1
-4932
8
-4931
7
-4931
-1
-4931
-6
-4930
5
-4931
8
-4931
-2
-4932
15
-4928
3
-4930
2
-4930
3
-4930
2
-4928
8
-4928
7
-4926
8
-4930
2
-4932
0
-4930
7
-4930
9
-4932
4
-4930
3
-4931
13
-4931
8
-4930
3
-4932
-2
-4930
-2
-4930
12
-4930
5
-4932
2
-4932
-1
-4932
10
-4931
7
-4929
23
-4931
4
-4929
-1
-4935
22
-4936
27
-4936
18
-4937
29
-4934
27
-4936
14
-4935
19
-4934
13
-4936
23
-4933
18
-4935
30
-4935
18
-4936
18
-4936
23
-4936
16
-4937
17
-4936
20
-4936
20
-4936
20
-4935
26
-4936
17
-4933
15
-4936
26
-4936
20
-4936
31
-4932
24
-4933
29
-4933
25
-4935
20
-4934
25
-4937
21
-4935
21
-4936
9
-4936
17
-4936
21
-4936
25
-4937
14
-4936
19
-4938
22
-4936
33
-4936
21
-4937
23
-4935
13
-4935
31
-4935
45
-4938
38
-4937
24
-4936
26
-4936
9
-4937
12
-4937
14
-4937
13
-4936
26
-4935
14
-4936
16
-4937
25
-4936
27
-4936
20
-4935
14
-4936
22
-4937
13
-4936
26
-4935
23
-4936
31
-4934
13
-4934
32
-4936
18
-4936
19
-4936
18
-4937
21
-4935
19
-4937
24
-4933
18
-4934
14
-4934
21
-4935
23
-4936
28
-4936
25
-4938
17
-4935
31
-4936
19
-4935
14
-4937
25
-4936
26
-4937
30
-4935
25
-4936
10
-4935
11
-4936
12
-4935
16
-4937
23
-4938
23
-4937
16
-4936
26
-4936
22
-4936
21
-4936
35
-4936
20
-4937
6
-4937
17
-4935
17
-4936
19
-4936
17
-4936
19
-4937
25
-4939
20
-4937
22
-4935
28
-4933
31
-4937
20
-4936
24
-4937
27
-4935
17
-4936
16
-4935
18
-4935
33
-4936
20
-4936
24
-4935
24
-4933
27
-4935
24
-4934
22
-4934
24
-4936
14
-4936
16
-4935
24
-4937
25
-4935
23
-4937
24
-4934
25
-4934
17
-4936
31
-4937
13
-4937
19
-4936
34
-4935
24
-4935
30
-4937
21
-4935
30
-4936
22
-4937
42
-4936
22
-4937
24
-4937
25
-4936
18
-4935
20
-4935
19
-4936
20
-4935
19
-4936
17
-4935
23
-4935
25
-4936
24
-4936
27
-4936
28
-4935
28
-4936
29
-4936
27
-4937
4
-4935
21
-4935
24
-4934
15
-4935
19
-4936
16
-4935
18
-4932
27
-4932
25
-4933
23
-4933
20
-4934
24
-4936
29
-4936
21
-4935
18
-4937
26
-4935
31
-4936
13
-4937
17
-4937
14
-4937
25
-4937
32
-4935
22
-4935
16
-4936
26
-4935
12
-4936
19
-4937
14
-4936
20
-4937
15
-4934
23
-4936
11
-4935
20
-4937
20
-4936
21
-4936
29
-4936
25
-4936
22
-4935
21
-4935
9
-4935
28
-4936
22
-4936
18
-4935
16
-4935
15
-4937
29
-4936
37
-4936
39
-4935
16
-4935
15
-4936
13
-4936
9
-4935
16
-4936
27
-4933
42
-4934
15
-4934
24
-4936
7
-4937
22
-4936
31
-4935
34
-4937
26
-4936
25
-4934
25
-4937
20
-4936
24
-4938
31
-4935
26
-4936
22
-4937
25
-4936
22
-4934
26
-4935
25
-4935
23
-4935
25
-4935
22
-4936
17
-4936
15
-4935
18
-4935
30
-4936
11
-4934
22
-4936
12
-4935
12
-4935
29
-4935
26
-4937
14
-4935
5
-4937
9
-4936
31
-4935
21
-4935
27
-4934
22
-4935
38
-4935
31
-4935
25
-4936
16
-4937
20
-4933
20
-4934
24
-4935
32
-4932
27
-4934
22
-4933
18
-4936
18
-4936
23
-4935
30
-4936
23
-4936
26
-4936
30
-4936
29
-4936
16
-4936
19
-4936
31
-4936
19
-4936
25
-4935
20
-4936
35
-4936
22
-4935
30
-4936
19
-4934
22
-4934
14
-4935
25
-4936
23
-4935
23
-4935
16
-4935
20
-4936
21
-4935
29
-4936
16
-4936
22
-4936
11
-4936
34
-4936
25
-4935
30
-4934
35
-4935
34
-4936
25
-4935
26
-4936
18
-4934
31
-4936
24
-4934
18
-4935
25
-4936
31
-4936
20
-4933
18
-4933
25
-4933
40
-4935
21
-4935
38
-4937
20
-4937
25
-4936
9
-4936
28
-4938
28
-4935
33
-4935
20
-4936
30
-4936
19
-4936
26
-4938
25
-4935
16
-4936
30
-4936
21
-4936
11
-4936
12
-4937
24
-4936
38
-4934
25
-4937
15
-4937
15
-4935
12
-4935
10
-4935
15
-4937
22
-4936
15
-4936
20
-4936
19
-4936
28
-4937
14
-4936
19
-4935
20
-4935
21
-4934
24
-4934
19
-4935
30
-4936
6
-4935
8
-4936
17
-4936
26
-4935
28
-4936
22
-4933
12
-4933
21
-4935
20
-4934
32
-4935
19
-4936
20
-4936
14
-4934
16
-4935
22
-4938
28
-4936
14
-4937
26
-4934
19
-4935
28
-4935
23
-4936
24
-4936
25
-4934
27
-4936
26
-4936
36
-4937
16
-4935
13
-4936
18
-4936
27
-4936
16
-4936
19
-4937
18
-4935
16
-4936
17
-4937
18
-4936
15
-4935
25
-4935
17
-4935
18
-4935
20
-4934
22
-4936
22
-4937
18
-4934
24
-4936
26
-4936
11
-4934
12
-4935
21
-4935
23
-4937
23
-4936
13
-4937
12
-4932
24
-4933
26
-4935
9
-4934
20
-4937
19
-4937
18
-4936
26
-4936
29
-4935
20
-4935
26
-4938
11
-4936
24
-4936
22
-4933
19
-4935
27
-4934
28
-4935
15
-4935
29
-4934
20
-4935
18
-4936
17
-4936
16
-4936
24
-4935
27
-4936
27
-4935
17
-4935
6
-4934
20
-4936
20
-4935
15
-4936
22
-4936
13
-4934
28
-4935
33
-4936
9
-4934
23
-4934
11
-4935
21
-4935
12
-4936
23
-4935
19
-4936
12
-4935
19
-4936
12
-4936
20
-4935
24
-4934
20
-4932
34
-4932
28
-4934
14
-4936
17
-4935
18
-4936
11
-4936
15
-4935
11
-4936
19
-4935
22
-4935
27
-4936
20
-4936
13
-4935
13
-4936
19
-4935
24
-4935
23
-4937
31
-4935
11
-4935
13
-4935
16
-4934
25
-4936
18
-4935
11
-4936
15
-4937
24
-4936
20
-4934
9
-4935
34
-4934
23
-4934
24
-4935
19
-4935
19
-4934
16
-4937
14
-4935
16
-4936
20
-4936
13
-4936
5
-4937
13
-4936
9
-4937
17
-4937
11
-4936
21
-4935
12
-4934
23
-4933
12
-4936
19
-4934
9
-4934
9
-4936
24
