-4943
4980
-4943
4640
-4943
4660
-4942
4739
-4945
4667
-4945
4651
-4945
4720
-4946
4722
-4945
4656
-4947
4647
-4943
4746
-4946
4648
-4945
4667
-4944
4737
-4945
4636
-4946
4668
-4943
4738
-4944
4652
-4943
4694
-4945
4749
-4943
4625
-4944
4686
-4945
4717
-4945
4633
-4943
4660
-4943
4721
-4945
4663
-4945
4654
-4944
4750
-4948
4723
-4946
4674
-4944
4743
-4946
4702
-4944
4632
-4943
4656
-4945
4745
-4945
4673
-4946
4651
-4943
4745
-4944
4649
-4941
4681
-4941
4752
-4945
4638
-4945
4698
-4946
4766
-4944
4639
-4944
4699
-4944
4744
-4946
4645
-4945
4667
-4946
4746
-4946
4695
-4945
4652
-4944
4727
-4945
4713
-4944
4649
-4946
4630
-4944
4749
-4946
4680
-4944
4652
-4944
4720
-4944
4649
-4945
4638
-4944
4749
-4944
4649
-4946
4670
-4946
4749
-4946
4668
-4944
4699
-4945
4753
-4946
4639
-4944
4685
-4945
4752
-4945
4638
-4944
4647
-4945
4719
-4945
4675
-4944
4669
-4943
4737
-4941
4721
-4943
4651
-4943
4686
-4946
4737
-4945
4647
-4944
4675
-4945
4735
-4945
4665
-4945
4688
-4946
4750
-4945
4665
-4947
4679
-4944
4734
-4946
4715
-4946
4664
-4945
4625
-4945
4727
-4944
4669
-4946
4615
-4944
4739
-4947
4666
-4946
4670
-4944
4738
-4944
4638
-4944
4657
-4944
4741
-4944
4655
-4946
4684
-4943
4722
-4942
4626
-4942
4676
-4943
4728
-4946
4638
-4945
4681
-4944
4719
-4945
4689
-4943
4660
-4946
4724
-4946
4703
-4943
4675
-4941
4642
-4941
4719
-4941
4702
-4944
4647
-4944
4751
-4944
4728
-4943
4674
-4944
4653
-4947
4729
-4944
4674
-4944
4654
-4947
4755
-4946
4641
-4945
4670
-4945
4729
-4945
4659
-4946
4693
-4944
4736
-4943
4643
-4945
4670
-4945
4720
-4943
4662
-4945
4684
-4945
4753
-4943
4647
-4945
4664
-4946
4750
-4946
4701
-4943
4664
-4942
4742
-4945
4725
-4944
4683
-4944
4643
-4945
4720
-4946
4670
-4945
4651
-4946
4743
-4945
4652
-4946
4683
-4941
4742
-4944
4662
-4943
4696
-4945
4751
-4944
4701
-4944
4637
-4943
4741
-4946
4704
-4943
4673
-4946
4638
-4945
4742
-4945
4657
-4945
4659
-4945
4747
-4943
4625
-4945
4685
-4946
4723
-4946
4649
-4945
4679
-4946
4737
-4944
4628
-4945
4708
-4943
4726
-4944
4644
-4944
4685
-4944
4762
-4944
4649
-4943
4666
-4945
4750
-4944
4704
-4944
4643
-4945
4734
-4944
4731
-4943
4659
-4944
4637
-4944
4735
-4947
4673
-4944
4643
-4944
4736
-4939
4675
-4943
4688
-4942
4728
-4945
4687
-4945
4660
-4944
4741
-4945
4711
-4944
4672
-4943
4626
-4945
4737
-4944
4651
-4942
4639
-4946
4736
-4943
4668
-4946
4660
-4947
4743
-4947
4665
-4944
4682
-4942
4736
-4944
4647
-4944
4680
-4944
4749
-4945
4655
-4946
4674
-4943
4741
-4947
4661
-4947
4658
-4945
4728
-4945
4669
-4945
4656
-4946
4758
-4943
4718
-4943
4659
-4944
4625
-4945
4741
-4945
4651
-4946
4642
-4943
4746
-4946
4651
-4944
4647
-4942
4734
-4942
4717
-4941
4661
-4945
4621
-4946
4741
-4946
4660
-4944
4638
-4945
4716
-4946
4654
-4943
4656
-4945
4725
-4946
4655
-4945
4664
-4945
4744
-4944
4659
-4944
4679
-4943
4749
-4945
4661
-4946
4670
-4946
4721
-4946
4672
-4944
4654
-4947
4748
-4943
4688
-4946
4660
-4945
4745
-4945
4682
-4944
4668
-4944
4731
-4945
4736
-4946
4669
-4946
4622
-4943
4748
-4946
4650
-4943
4647
-4944
4733
-4943
4630
-4946
4662
-4944
4740
-4943
4688
-4943
4653
-4942
4622
-4944
4729
-4946
4645
-4943
4643
-4946
4745
-4944
4648
-4944
4651
-4944
4727
-4946
4657
-4944
4691
-4944
4741
-4945
4664
-4944
4692
-4944
4734
-4944
4648
-4944
4670
-4945
4753
-4943
4673
-4945
4679
-4944
4741
-4945
4687
-4942
4650
-4944
4719
-4945
4698
-4945
4662
-4944
4743
-4946
4717
-4944
4664
-4945
4636
-4943
4721
-4945
4646
-4945
4667
-4944
4721
-4943
4654
-4946
4668
-4944
4749
-4944
4644
-4943
4666
-4940
4745
-4943
4659
-4942
4674
-4948
4725
-4945
4686
-4943
4676
-4943
4749
-4948
4675
-4945
4653
-4943
4737
-4944
4732
-4944
4669
-4946
4632
-4947
4731
-4946
4651
-4944
4640
-4945
4752
-4945
4636
-4947
4650
-4943
4740
-4944
4670
-4945
4681
-4945
4721
-4945
4642
-4943
4697
-4945
4747
-4944
4643
-4943
4669
-4946
4739
-4945
4675
-4941
4679
-4944
4723
-4944
4683
-4945
4627
-4946
4726
-4945
4724
-4943
4664
-4942
4638
-4942
4744
-4942
4663
-4942
4665
-4942
4752
-4946
4637
-4944
4669
-4944
4745
-4944
4654
-4943
4685
-4943
4734
-4942
4643
-4943
4690
-4946
4743
-4944
4684
-4943
4668
-4945
4757
-4944
4681
-4944
4659
-4943
4736
-4945
4701
-4944
4666
-4943
4738
-4943
4732
-4948
4659
-4945
4649
-4945
4727
-4944
4660
-4945
4635
-4945
4752
-4943
4660
-4943
4660
-4946
4742
-4945
4670
-4943
4674
-4945
4715
-4944
4646
-4945
4683
-4946
4746
-4944
4642
-4945
4694
-4941
4664
-4943
4750
-4943
4656
-4945
4676
-4946
4742
-4946
4650
-4942
4664
-4944
4759
-4944
4626
-4943
4675
-4946
4746
-4944
4652
-4945
4685
-4945
4739
-4945
4675
-4944
4665
-4942
4746
-4946
4700
-4946
4669
-4946
4751
-4946
4722
-4943
4656
-4946
4650
-4943
4728
-4947
4676
-4943
4669
-4942
4744
-4943
4672
-4943
4655
-4946
4734
-4946
4646
-4942
4693
-4942
4735
-4944
4646
-4945
4702
-4945
4743
-4945
4654
-4944
4679
-4945
4748
-4946
4664
-4941
4666
-4944
4638
-4942
4745
-4944
4677
-4944
4654
-4945
4750
-4945
4700
-4944
4651
-4944
4632
-4944
4728
-4945
4644
-4944
4619
-4944
4736
-4945
4641
-4945
4653
-4944
4738
-4944
4652
-4943
4640
-4945
4740
-4943
4665
-4943
4670
-4945
4726
-4944
4637
-4943
4672
-4945
4745
-4944
4663
-4947
4663
-4942
4727
-4945
4663
-4943
4661
-4944
4732
-4943
4699
-4943
4668
-4946
4750
-4943
4714
-4944
4672
-4946
4628
-4943
4736
-4944
4648
-4941
4665
-4941
4734
-4943
4678
-4945
4656
-4945
4732
-4944
4719
-4945
4659
-4944
4625
-4945
4734
-4943
4665
-4945
4625
-4944
4749
-4944
4649
-4946
4648
-4944
4732
-4945
4665
-4944
4662
-4945
4745
-4945
4660
-4943
4673
-4942
4733
-4943
4653
-4943
4676
-4944
4746
-4942
4671
-4944
4646
-4945
4742
-4943
4689
-4943
4663
-4945
4727
-4945
4683
-4944
4673
-4946
4751
-4944
4733
-4946
4642
-4945
4642
-4943
4748
-4945
4639
-4946
4670
-4944
4740
-4942
4679
-4941
4688
-4943
4745
-4942
4699
-4944
4645
-4943
4736
-4942
4709
-4947
4651
-4944
4634
-4945
4756
-4944
4635
-4944
4647
-4945
4733
-4945
4633
-4944
4671
-4944
4733
-4944
4649
-4943
4691
-4944
4740
-4944
4611
-4943
4691
-4944
4720
-4944
4652
-4944
4658
-4943
4726
-4944
4678
-4942
4682
-4945
4727
-4945
4700
-4944
4657
-4945
4748
-4943
4738
-4942
4658
-4942
4618
-4944
4740
-4946
4667
-4944
4662
-4942
4719
-4944
4658
-4941
4663
-4941
4748
-4942
4700
-4945
4656
-4945
4752
-4944
4703
-4943
4648
-4944
4626
-4945
4740
-4944
4666
-4948
4650
-4945
4728
-4944
4665
-4944
4669
-4943
4736
-4945
4653
-4942
4654
-4945
4731
-4945
4634
-4942
4694
-4943
4722
-4944
4665
-4944
4668
-4944
4721
-4944
4659
-4943
4649
-4945
4756
-4944
4682
-4946
4640
-4943
4752
-4943
4701
-4945
4653
-4942
4624
-4943
4722
-4944
4680
-4946
4654
-4944
4749
-4944
4645
-4943
4685
-4943
4724
-4943
4674
-4940
4672
-4946
4750
-4943
4725
-4944
4665
-4945
4615
-4943
4732
-4945
4645
-4945
4644
-4946
4721
-4943
4638
-4947
4680
-4942
4729
-4945
4661
-4943
4678
-4942
4746
-4942
4650
-4945
4699
-4944
4722
-4944
4656
-4943
4657
-4944
4748
-4945
4640
-4943
4686
-4945
4749
-4943
4698
-4944
4656
-4945
4748
-4943
4698
-4945
4666
-4945
4646
-4945
4748
-4942
4654
-4943
4658
-4943
4730
-4945
4653
-4944
4659
-4945
4747
-4945
4660
-4940
4701
-4944
4743
-4941
4640
-4944
4650
-4942
4746
-4944
4672
-4945
4687
-4945
4752
-4944
4680
-4944
4673
-4944
4749
-4943
4704
-4945
4673
-4945
4630
-4943
4740
-4944
4661
-4944
4642
-4944
4748
-4944
4647
-4944
4650
-4944
4739
-4943
4657
-4945
4704
-4944
4727
-4945
4647
-4944
4678
-4945
4752
-4945
4648
-4943
4699
-4944
4741
-4943
4651
-4944
4650
-4945
4733
-4945
4689
-4946
4648
-4944
4758
-4943
4717
-4944
4669
-4944
4732
-4942
4716
-4941
4670
-4941
4642
-4944
4737
-4945
4650
-4942
4652
-4944
4745
-4943
4665
-4943
4672
-4945
4750
-4944
4656
-4943
4679
-4946
4747
-4944
4643
-4945
4676
-4944
4756
-4944
4671
-4944
4641
-4944
4746
-4945
4695
-4943
4668
-4942
4755
-4942
4697
-4943
4661
-4944
4631
-4943
4722
-4942
4655
-4943
4642
-4944
4733
-4944
4648
-4945
4649
-4944
4721
-4944
4659
-4944
4679
-4944
4748
-4943
4653
-4944
4673
-4943
4727
-4945
4625
-4941
4676
-4941
4650
-4942
4746
-4944
4653
-4945
4656
-4944
4737
-4944
4653
-4943
4653
-4944
4739
-4943
4625
-4945
4685
-4945
4743
-4945
4649
-4944
4653
-4944
4754
-4944
4679
-4944
4645
-4944
4745
-4944
4705
-4944
4666
-4944
4625
-4945
4744
-4945
4650
-4946
4662
-4943
4743
-4946
4653
-4943
4647
-4942
4749
-4943
4661
-4943
4680
-4943
4734
-4944
4644
-4945
4675
-4945
4750
-4944
4630
-4944
4693
-4945
4746
-4943
4670
-4943
4676
-4943
4750
-4941
4741
-4941
4676
-4943
4666
-4944
4745
-4944
4709
-4947
4652
-4946
4755
-4944
4729
-4945
4670
-4944
4620
-4946
4752
-4945
4669
-4944
4645
-4945
4738
-4944
4646
-4944
4672
-4942
4728
-4944
4637
-4945
4694
-4944
4754
-4944
4643
-4944
4677
-4943
4722
-4943
4651
-4946
4681
-4944
4751
-4944
4680
-4943
4636
-4947
4743
-4945
4695
-4944
4667
-4945
4745
-4945
4705
-4942
4651
-4943
4630
-4945
4747
-4943
4652
-4944
4654
-4943
4735
-4941
4676
-4941
4664
-4941
4747
-4945
4717
-4945
4655
-4943
4641
-4943
4744
-4945
4666
-4944
4642
-4944
4743
-4943
4625
-4944
4673
-4944
4718
-4945
4653
-4945
4674
-4946
4732
-4942
4648
-4944
4666
-4943
4745
-4944
4661
-4946
4673
-4943
4747
-4943
4646
-4944
4665
-4943
4720
-4942
4656
-4942
4646
-4943
4739
-4944
4708
-4943
4648
-4945
4715
-4943
4735
-4946
4683
-4944
4640
-4943
4748
-4944
4657
-4946
4663
-4944
4746
-4943
4658
-4945
4662
-4942
4748
-4942
4721
-4941
4659
-4944
4633
-4943
4736
-4945
4651
-4944
4646
-4946
4740
-4944
4654
-4944
4665
-4943
4720
-4945
4659
-4944
4675
-4944
4760
-4946
4652
-4944
4684
-4944
4722
-4943
4654
-4945
4689
-4945
4732
-4943
4659
-4942
4645
-4944
4743
-4944
4697
-4943
4650
-4944
4733
-4944
4716
-4945
4681
-4944
4726
-4944
4731
-4944
4657
-4945
4658
-4944
4718
-4944
4653
-4943
4672
-4944
4743
-4944
4666
-4944
4687
-4945
4732
-4941
4731
-4941
4693
-4941
4635
-4944
4743
-4945
4635
-4945
4651
-4944
4750
-4945
4646
-4944
4668
-4943
4732
-4942
4648
-4942
4692
-4944
4726
-4943
4621
-4943
4669
-4945
4743
-4947
4652
-4943
4661
-4943
4720
-4945
4651
-4946
4670
-4943
4754
-4944
4711
-4945
4651
-4943
4625
-4944
4735
-4944
4673
-4942
4619
-4943
4733
-4943
4661
-4943
4647
-4944
4717
-4944
4642
-4943
4646
-4943
4736
-4944
4650
-4944
4669
-4944
4741
-4945
4646
-4941
4643
-4942
4652
-4941
4732
-4945
4655
-4945
4668
-4944
4747
-4944
4642
-4944
4660
-4944
4733
-4945
4656
-4944
4673
-4946
4740
-4943
4637
-4943
4693
-4944
4739
-4943
4651
-4944
4655
-4944
4754
-4941
4660
-4945
4646
-4945
4736
-4946
4728
-4944
4639
-4945
4625
-4946
4721
-4942
4655
-4941
4648
-4945
4739
-4943
4661
-4942
4673
-4942
4719
-4943
4655
-4942
4667
-4943
4718
-4943
4657
-4944
4679
-4943
4744
-4943
4638
-4945
4666
-4944
4751
-4940
4671
-4942
4664
-4941
4736
-4944
4711
-4946
4663
-4946
4626
-4944
4752
-4942
4669
-4944
4658
-4945
4739
-4944
4645
-4944
4677
-4943
4740
-4945
4643
-4944
4661
-4944
4721
-4943
4667
-4941
4670
-4945
4749
-4943
4647
-4944
4659
-4944
4754
-4944
4675
-4943
4655
-4944
4742
-4943
4704
-4944
4673
-4944
4751
-4944
4718
-4946
4650
-4944
4613
-4944
4744
-4941
4660
-4944
4639
-4945
4733
-4943
4654
-4942
4660
-4944
4739
-4944
4665
-4941
4671
-4940
4736
-4944
4646
-4942
4691
-4943
4735
-4944
4661
-4944
4663
-4944
4720
-4945
4685
-4942
4632
-4944
4745
-4943
4687
-4942
4647
-4941
4749
-4944
4724
-4944
4642
-4943
4661
-4944
4727
-4942
4647
-4946
4641
-4943
4752
-4942
4659
-4943
4682
-4943
4729
-4944
4637
-4944
4680
-4946
4768
-4943
4648
-4943
4697
-4945
4745
-4944
4647
-4945
4682
-4945
4743
-4945
4654
-4943
4641
-4943
4745
-4945
4690
-4942
4648
-4944
4743
-4944
4729
-4940
4634
-4942
4682
-4942
4740
-4944
4663
-4946
4671
-4946
4727
-4941
4662
-4944
4643
-4944
4745
-4944
4698
-4944
4667
-4944
4746
-4943
4699
-4945
4670
-4944
4661
-4943
4739
-4945
4639
-4944
4652
-4944
4720
-4945
4639
-4946
4668
-4943
4746
-4943
4653
-4943
4670
-4944
4744
-4944
4647
-4944
4674
-4944
4750
-4945
4650
-4945
4676
-4944
4745
-4945
4649
-4944
4647
-4945
4752
-4944
4691
-4946
4645
-4943
4753
-4943
4699
-4944
4654
-4940
4676
-4944
4721
-4942
4718
-4945
4665
-4944
4621
-4944
4729
-4944
4669
-4942
4626
-4945
4734
-4943
4666
-4943
4646
-4942
4737
-4944
4666
-4945
4669
-4946
4730
-4945
4652
-4944
4662
-4944
4743
-4945
4648
-4942
4674
-4944
4739
-4943
4655
-4943
4659
-4944
4749
-4945
4675
-4944
4666
-4946
4749
-4943
4711
-4944
4658
-4945
4662
-4944
4706
-4946
4679
-4944
4663
-4943
4743
-4945
4645
-4945
4654
-4946
4732
-4944
4630
-4944
4645
-4942
4747
-4943
4700
-4941
4655
-4943
4715
-4944
4720
-4944
4632
-4944
4591
-4943
4726
-4945
4651
-4943
4620
-4943
4712
-4942
4600
-4945
4626
-4943
4723
-4946
4623
-4943
4637
-4946
4729
-4943
4620
-4945
4660
-4944
4738
-4944
4631
-4944
4642
-4944
4739
-4944
4662
-4944
4615
-4943
4691
-4947
4637
-4946
4601
-4945
4711
-4943
4665
-4944
4592
-4945
4522
-4944
4672
-4944
4553
-4944
4516
-4944
4643
-4944
4557
-4944
4525
-4943
4633
-4945
4536
-4942
4540
-4940
4669
-4941
4633
-4945
4561
-4945
4530
-4944
4644
-4944
4547
-4944
4526
-4943
4638
-4944
4527
-4945
4554
-4944
4654
-4945
4552
-4944
4588
-4944
4707
-4943
4597
-4946
4648
-4946
4711
-4944
4619
-4943
4647
-4943
4695
-4946
4619
-4943
4624
-4945
4732
-4943
4667
-4944
4646
-4943
4737
-4945
4699
-4944
4630
-4944
4606
-4944
4722
-4946
4635
-4944
4625
-4943
4723
-4944
4625
-4944
4642
-4943
4712
-4946
4615
-4944
4634
-4941
4684
-4942
4679
-4941
4615
-4945
4599
-4944
4712
-4944
4620
-4944
4610
-4942
4708
-4944
4625
-4945
4637
-4943
4702
-4944
4641
-4943
4639
-4943
4701
-4944
4628
-4944
4671
-4944
4737
-4943
4644
-4944
4634
-4944
4738
-4943
4638
-4944
4643
-4944
4717
-4943
4679
-4944
4669
-4943
4739
-4944
4694
-4944
4647
-4943
4624
-4944
4734
-4944
4641
-4943
4634
-4944
4747
-4945
4652
-4946
4645
-4944
4743
-4944
4635
-4944
4690
-4944
4729
-4940
4724
-4941
4654
-4942
4645
-4943
4734
-4944
4643
-4943
4645
-4945
4747
-4945
4653
-4944
4666
-4943
4749
-4945
4648
-4945
4699
-4945
4741
-4945
4656
-4944
4667
-4946
4750
-4944
4657
-4944
4687
-4944
4721
-4942
4648
-4945
4660
-4944
4746
-4943
4691
-4943
4656
-4944
4722
-4948
4710
-4996
4646
-5023
4639
-5020
4741
-5011
4677
-4993
4655
-4956
4720
-4942
4642
-4948
4674
-4942
4749
-4946
4632
-4944
4682
-4945
4758
-4941
4664
-4958
4672
-4969
4748
-4972
4661
-4973
4655
-4970
4743
-4966
4683
-4963
4641
-4962
4751
-4960
4736
-4960
4678
-4964
4634
-4963
4720
-4960
4674
-4961
4651
-4963
4746
-4962
4632
-4961
4644
-4961
4742
-4961
4658
-4963
4692
-4962
4751
-4963
4640
-4962
4695
-4964
4716
-4963
4631
-4963
4681
-4962
4720
-4963
4660
-4965
4680
-4964
4731
-4963
4680
-4961
4668
-4963
4739
-4962
4719
-4963
4659
-4962
4622
-4961
4720
-4964
4664
-4965
4640
-4963
4739
-4962
4657
-4961
4682
-4962
4751
-4964
4669
-4965
4694
-4965
4737
-4966
4642
-4966
4698
-4966
4723
-4965
4655
-4967
4648
-4967
4751
-4968
4688
-4968
4660
-4969
4740
-4969
4685
-4968
4663
-4969
4744
-4970
4737
-4972
4653
-4972
4623
-4974
4748
-4971
4659
-4974
4662
-4975
4736
-4976
4631
-4976
4679
-4975
4745
-4976
4627
-4980
4690
-4979
4715
-4979
4625
-4979
4667
-4982
4753
-4984
4647
-4981
4647
-4984
4720
-4982
4666
-4985
4672
-4983
4750
-4983
4712
-4985
4644
-4986
4678
-4986
4720
-4988
4647
-4988
4661
-4988
4741
-4990
4651
-4990
4642
-4989
4743
-4990
4680
-4992
4633
-4992
4755
-4992
4702
-4993
4658
-4993
4749
-4995
4737
-4994
4648
-4994
4645
-4995
4739
-4995
4659
-4998
4660
-4995
4736
-4996
4656
-4997
4684
-4996
4724
-4997
4637
-4995
4676
-4998
4740
-4998
4648
-4999
4689
-4996
4746
-5000
4634
-5000
4647
-5001
4720
-5002
4678
-5001
4661
-5001
4741
-5000
4700
-5000
4682
-5002
4666
-5003
4741
-5003
4705
-5007
4671
-5005
4625
-5008
4744
-5006
4651
-5005
4670
-5007
4737
-5009
4639
-5008
4658
-5010
4735
-5011
4664
-5012
4680
-5013
4754
-5014
4668
-5013
4680
-5017
4720
-5018
4631
-5019
4693
-5018
4717
-5018
4674
-5019
4653
-5022
4738
-5021
4715
-5022
4675
-5023
4736
-5021
4726
-5024
4656
-5021
4624
-5023
4723
-5024
4680
-5023
4640
-5024
4750
-5024
4642
-5026
4661
-5025
4745
-5027
4667
-5026
4669
-5029
4759
-5028
4713
-5032
4668
-5036
4654
-5037
4739
-5038
4653
-5038
4639
-5040
4746
-5039
4650
-5041
4668
-5041
4740
-5043
4655
-5043
4674
-5047
4727
-5044
4648
-5049
4684
-5052
4736
-5053
4651
-5056
4658
-5056
4740
-5052
4686
-5055
4606
-5058
4715
-5056
4694
-5057
4674
-5055
4744
-5058
4732
-5059
4666
-5057
4651
-5061
4716
-5062
4659
-5061
4627
-5061
4744
-5062
4671
-5061
4668
-5063
4734
-5063
4639
-5067
4664
-5066
4751
-5063
4732
-5065
4667
-5065
4646
-5068
4746
-5069
4675
-5071
4668
-5071
4746
-5070
4649
-5071
4665
-5069
4755
-5074
4651
-5075
4701
-5075
4726
-5078
4665
-5079
4695
-5077
4725
-5080
4630
-5080
4674
-5082
4765
-5082
4660
-5082
4654
-5081
4741
-5083
4696
-5087
4650
-5086
4758
-5085
4699
-5089
4635
-5088
4648
-5090
4747
-5090
4679
-5089
4662
-5091
4748
-5092
4662
-5093
4676
-5092
4741
-5092
4659
-5093
4687
-5094
4734
-5098
4653
-5097
4683
-5100
4643
-5102
4769
-5107
4662
-5102
4657
-5104
4752
-5106
4665
-5110
4674
-5107
4738
-5108
4631
-5109
4657
-5113
4751
-5113
4655
-5110
4681
-5113
4743
-5112
4654
-5113
4674
-5118
4720
-5117
4694
-5117
4640
-5117
4755
-5122
4709
-5119
4662
-5121
4735
-5120
4722
-5118
4677
-5126
4642
-5126
4738
-5123
4643
-5127
4663
-5124
4754
-5123
4653
-5125
4670
-5126
4724
-5128
4678
-5131
4686
-5130
4754
-5131
4651
-5129
4713
-5132
4745
-5129
4744
-5135
4660
-5134
4659
-5136
4713
-5138
4657
-5138
4645
-5140
4754
-5139
4655
-5138
4663
-5141
4705
-5140
4652
-5141
4724
-5143
4741
-5142
4679
-5141
4693
-5141
4751
-5143
4687
-5140
4672
-5144
4756
-5142
4684
-5146
4677
-5143
4741
-5144
4734
-5146
4684
-5144
4651
-5144
4741
-5145
4678
-5147
4577
-5148
4735
-5149
4663
-5146
4674
-5150
4736
-5147
4656
-5145
4686
-5149
4735
-5147
4660
-5150
4654
-5150
4718
-5148
4636
-5147
4669
-5147
4731
-5147
4691
-5149
4656
-5149
4739
-5149
4703
-5151
4682
-5150
4737
-5151
4716
-5148
4680
-5153
4646
-5152
4731
-5148
4660
-5150
4652
-5153
4721
-5150
4643
-5152
4625
-5155
4737
-5155
4641
-5151
4696
-5156
4741
-5152
4637
-5154
4685
-5155
4768
-5152
4675
-5151
4644
-5153
4733
-5154
4684
-5154
4691
-5155
4754
-5154
4705
-5155
4693
-5155
4757
-5156
4731
-5153
4680
-5161
4562
-5154
4743
-5157
4632
-5158
4653
-5156
4760
-5156
4651
-5157
4689
-5159
4750
-5161
4616
-5162
4710
-5161
4741
-5161
4661
-5161
4668
-5161
4752
-5164
4670
-5164
4675
-5166
4744
-5165
4689
-5163
4637
-5164
4759
-5164
4676
-5165
4683
-5166
4658
-5164
4749
-5164
4662
-5167
4650
-5166
4745
-5169
4634
-5171
4659
-5174
4751
-5175
4657
-5175
4666
-5179
4754
-5177
4643
-5178
4694
-5182
4684
-5178
4669
-5179
4678
-5181
4758
-5179
4691
-5178
4650
-5180
4743
-5181
4659
-5182
4649
-5180
4673
-5181
4744
-5183
4650
-5184
4666
-5191
4745
-5194
4669
-5193
4692
-5193
4754
-5193
4678
-5194
4670
-5199
4729
-5197
4682
-5201
4663
-5204
4751
-5205
4734
-5203
4664
-5202
4618
-5206
4735
-5206
4656
-5207
4687
-5209
4723
-5206
4665
-5208
4662
-5207
4757
-5206
4658
-5207
4687
-5209
4738
-5205
4656
-5211
4692
-5215
4718
-5218
4666
-5221
4666
-5223
4672
-5224
4702
-5227
4684
-5223
4724
-5223
4684
-5225
4650
-5225
4748
-5222
4745
-5224
4708
-5225
4661
-5231
4637
-5232
4741
-5236
4669
-5239
4641
-5243
4716
-5244
4650
-5244
4667
-5245
4705
-5245
4646
-5249
4695
-5245
4748
-5245
4661
-5243
4688
-5246
4722
-5245
4623
-5247
4672
-5250
4749
-5246
4674
-5247
4663
-5249
4720
-5248
4680
-5249
4647
-5246
4729
-5249
4704
-5249
4655
-5251
4755
-5248
4731
-5251
4643
-5251
4640
-5251
4743
-5249
4661
-5252
4650
-5252
4744
-5252
4648
-5256
4644
-5255
4752
-5252
4719
-5254
4654
-5254
4635
-5260
4748
-5260
4665
-5260
4650
-5260
4753
-5260
4660
-5259
4673
-5261
4721
-5262
4649
-5262
4680
-5259
4765
-5260
4639
-5261
4708
-5260
4720
-5260
4657
-5263
4679
-5261
4752
-5261
4674
-5261
4656
-5260
4747
-5259
4668
-5258
4668
-5264
4747
-5265
4720
-5267
4660
-5266
4740
-5265
4731
-5266
4667
-5267
4661
-5264
4740
-5268
4653
-5267
4648
-5269
4738
-5269
4661
-5268
4688
-5270
4745
-5273
4638
-5273
4658
-5268
4653
-5272
4736
-5274
4659
-5275
4629
-5275
4753
-5277
4669
-5275
4659
-5273
4746
-5274
4652
-5276
4673
-5274
4743
-5277
4620
-5273
4690
-5276
4750
-5274
4650
-5274
4675
-5275
4754
-5275
4651
-5276
4665
-5272
4750
-5276
4688
-5275
4651
-5274
4729
-5274
4701
-5278
4699
-5275
4629
-5274
4745
-5275
4678
-5280
4644
-5277
4737
-5276
4652
-5279
4633
-5275
4727
-5275
4654
-5279
4686
-5275
4724
-5276
4643
-5274
4689
-5276
4727
-5274
4744
-5276
4660
-5274
4666
-5280
4728
-5278
4653
-5277
4683
-5279
4740
-5276
4626
-5278
4673
-5285
4639
-5278
4636
-5279
4677
-5279
4758
-5279
4662
-5278
4661
-5278
4744
-5278
4663
-5277
4670
-5277
4747
-5278
4709
-5278
4660
-5279
4630
-5277
4743
-5279
4654
-5277
4625
-5279
4751
-5279
4647
-5282
4680
-5280
4737
-5279
4654
-5280
4672
-5280
4744
-5278
4656
-5280
4690
-5280
4743
-5280
4656
-5283
4681
-5282
4736
-5281
4692
-5280
4653
-5275
4656
-5277
4744
-5277
4656
-5278
4657
-5280
4724
-5281
4621
-5282
4693
-5282
4756
-5279
4659
-5275
4667
-5280
4747
-5283
4672
-5281
4689
-5280
4738
-5280
4692
-5279
4665
-5283
4720
-5282
4712
-5280
4674
-5280
4633
-5281
4754
-5282
4643
-5280
4663
-5282
4745
-5280
4658
-5283
4663
-5279
4731
-5284
4656
-5281
4677
-5281
4713
-5280
4653
-5280
4696
-5281
4737
-5283
4666
-5282
4668
-5284
4725
-5285
4690
-5282
4687
-5284
4746
-5278
4730
-5279
4651
-5277
4639
-5282
4731
-5284
4642
-5282
4673
-5276
4734
-5280
4647
-5279
4653
-5281
4748
-5281
4655
-5279
4680
-5280
4731
-5278
4654
-5278
4667
-5282
4752
-5279
4667
-5283
4659
-5282
4751
-5283
4671
-5284
4683
-5285
4749
-5284
4697
-5286
4665
-5284
4744
-5286
4726
-5285
4663
-5285
4663
-5283
4714
-5283
4640
-5287
4651
-5288
4740
-5283
4654
-5280
4660
-5282
4738
-5284
4665
-5286
4691
-5282
4742
-5284
4621
-5281
4691
-5284
4738
-5286
4642
-5286
4660
-5287
4748
-5286
4685
-5287
4655
-5286
4758
-5287
4706
-5288
4645
-5287
4740
-5284
4729
-5285
4655
-5287
4640
-5288
4742
-5286
4650
-5282
4637
-5286
4732
-5286
4633
-5286
4693
-5288
4726
-5284
4666
-5284
4692
-5285
4740
-5287
4625
-5287
4694
-5285
4759
-5287
4667
-5287
4650
-5285
4754
-5288
4667
-5288
4661
-5284
4721
-5284
4701
-5289
4665
-5285
4743
-5290
4702
-5286
4660
-5286
4636
-5288
4747
-5282
4653
-5282
4658
-5285
4720
-5288
4688
-5286
4660
-5288
4758
-5285
4711
-5285
4653
-5287
4749
-5289
4720
-5288
4674
-5287
4661
-5287
4738
-5288
4632
-5287
4666
-5290
4750
-5286
4662
-5288
4659
-5287
4734
-5288
4663
-5285
4692
-5288
4730
-5289
4621
-5287
4665
-5288
4738
-5287
4661
-5288
4659
-5286
4746
-5287
4676
-5288
4679
-5288
4726
-5285
4709
-5288
4668
-5287
4751
-5284
4715
-5288
4646
-5288
4632
-5288
4721
-5284
4657
-5285
4648
-5286
4649
-5285
4747
-5288
4662
-5291
4640
-5289
4729
-5285
4649
-5288
4650
-5286
4735
-5287
4661
-5288
4657
-5288
4745
-5285
4658
-5285
4708
-5289
4726
-5288
4649
-5288
4647
-5286
4738
-5287
4685
-5284
4660
-5287
4748
-5288
4713
-5289
4647
-5285
4752
-5286
4729
-5288
4661
-5287
4637
-5287
4740
-5288
4644
-5288
4661
-5288
4756
-5287
4677
-5286
4653
-5285
4742
-5287
4665
-5285
4673
-5286
4732
-5287
4666
-5286
4707
-5283
4747
-5282
4721
-5287
4651
-5284
4668
-5286
4747
-5286
4666
-5285
4669
-5286
4755
-5284
4650
-5287
4682
-5286
4745
-5286
4636
-5285
4688
-5290
4737
-5286
4661
-5288
4650
-5286
4735
-5287
4667
-5289
4680
-5288
4753
-5286
4684
-5286
4649
-5284
4733
-5287
4716
-5284
4663
-5284
4622
-5287
4746
-5287
4664
-5283
4644
-5289
4749
-5288
4658
-5286
4658
-5289
4728
-5286
4635
-5285
4691
-5286
4716
-5288
4662
-5285
4683
-5284
4753
-5288
4656
-5284
4672
-5284
4640
-5285
4751
-5287
4648
-5286
4668
-5287
4718
-5285
4642
-5281
4640
-5284
4722
-5282
4672
-5284
4668
-5281
4748
-5283
4649
-5285
4686
-5284
4726
-5285
4631
-5283
4664
-5289
4738
-5286
4665
-5284
4675
-5286
4749
-5284
4691
-5285
4670
-5285
4752
-5284
4723
-5285
4674
-5284
4635
-5281
4743
-5283
4649
-5281
4661
-5283
4734
-5281
4638
-5281
4682
-5284
4711
-5285
4651
-5284
4660
-5282
4747
-5285
4667
-5282
4698
-5282
4661
-5283
4725
-5283
4656
-5280
4658
-5279
4753
-5283
4638
-5283
4677
-5283
4756
-5282
4682
-5279
4694
-5283
4733
-5280
4648
-5278
4677
-5279
4749
-5274
4638
-5274
4667
-5273
4740
-5271
4631
-5273
4640
-5268
4748
-5270
4713
-5275
4676
-5272
4745
-5270
4707
-5269
4650
-5271
4637
-5270
4742
-5268
4653
-5266
4679
-5268
4752
-5269
4645
-5270
4669
-5267
4750
-5265
4638
-5265
4701
-5264
4746
-5259
4652
-5258
4707
-5253
4753
-5257
4638
-5252
4677
-5251
4663
-5251
4745
-5249
4648
-5250
4670
-5247
4739
-5243
4667
-5242
4673
-5241
4739
-5236
4632
-5238
4695
-5235
4734
-5234
4649
-5234
4671
-5229
4754
-5231
4656
-5228
4687
-5227
4746
-5227
4707
-5230
4678
-5221
4653
-5222
4740
-5219
4643
-5219
4639
-5222
4725
-5214
4628
-5214
4647
-5217
4726
-5213
4618
-5216
4697
-5213
4739
-5212
4661
-5213
4697
-5215
4747
-5211
4606
-5213
4692
-5211
4762
-5211
4669
-5210
4657
-5207
4735
-5211
4711
-5207
4665
-5208
4626
-5204
4745
-5202
4681
-5204
4639
-5202
4732
-5200
4635
-5201
4657
-5202
4721
-5201
4662
-5197
4663
-5197
4752
-5199
4662
-5198
4663
-5196
4740
-5194
4635
-5192
4698
-5188
4755
-5187
4667
-5187
4679
-5184
4741
-5180
4657
-5179
4656
-5176
4748
-5172
4694
-5168
4682
-5169
4755
-5166
4722
-5167
4673
-5164
4611
-5164
4749
-5161
4655
-5160
4655
-5161
4728
-5160
4662
-5158
4655
-5163
4744
-5156
4660
-5158
4666
-5157
4722
-5157
4654
-5158
4662
-5158
4729
-5158
4673
-5155
4669
-5158
4748
-5158
4693
-5156
4673
-5157
4747
-5156
4722
-5160
4660
-5156
4652
-5159
4742
-5155
4649
-5156
4648
-5157
4744
-5155
4629
-5155
4658
-5154
4741
-5152
4659
-5157
4678
-5153
4740
-5151
4656
-5155
4691
-5152
4742
-5151
4649
-5152
4649
-5150
4752
-5150
4647
-5152
4659
-5146
4745
-5148
4663
-5146
4683
-5147
4745
-5145
4712
-5145
4653
-5141
4658
-5139
4743
-5140
4657
-5139
4682
-5141
4733
-5140
4675
-5143
4674
-5140
4727
-5142
4697
-5137
4684
-5138
4614
-5139
4714
-5136
4671
-5136
4647
-5140
4737
-5138
4651
-5137
4673
-5139
4731
-5137
4648
-5137
4673
-5139
4722
-5137
4652
-5138
4691
-5137
4747
-5136
4651
-5136
4701
-5135
4728
-5137
4656
-5135
4667
-5138
4727
-5137
4685
-5135
4675
-5135
4738
-5134
4708
-5133
4665
-5133
4748
-5135
4740
-5132
4684
-5130
4646
-5131
4743
-5128
4746
-5130
4662
-5128
4633
-5129
4752
-5131
4630
-5128
4667
-5129
4746
-5127
4665
-5127
4672
-5131
4743
-5129
4641
-5129
4706
-5129
4706
-5128
4637
-5130
4685
-5130
4725
-5129
4673
-5127
4683
-5126
4735
-5126
4683
-5128
4663
-5127
4743
-5129
4717
-5127
4670
-5126
4621
-5126
4717
-5127
4685
-5127
4649
-5125
4744
-5128
4659
-5129
4653
-5129
4744
-5128
4653
-5126
4691
-5126
4723
-5127
4657
-5129
4698
-5129
4744
-5127
4660
-5128
4660
-5121
4648
-5127
4732
-5127
4658
-5126
4657
-5129
4749
-5128
4655
-5126
4689
-5128
4760
-5129
4654
-5128
4675
-5128
4751
-5129
4656
-5127
4674
-5129
4726
-5126
4686
-5129
4681
-5128
4756
-5128
4692
-5127
4654
-5130
4752
-5127
4709
-5126
4666
-5126
4657
-5123
4748
-5123
4649
-5123
4643
-5123
4739
-5123
4654
-5123
4691
-5124
4723
-5119
4643
-5121
4670
-5121
4734
-5121
4650
-5118
4667
-5120
4756
-5117
4631
-5119
4627
-5119
4728
-5115
4744
-5116
4653
-5113
4662
-5117
4724
-5116
4659
-5115
4674
-5116
4757
-5115
4657
-5115
4667
-5112
4757
-5114
4681
-5111
4642
-5112
4725
-5112
4697
-5112
4637
-5113
4749
-5110
4691
-5111
4631
-5108
4652
-5108
4749
-5111
4671
-5109
4623
-5109
4732
-5109
4642
-5107
4688
-5109
4755
-5110
4655
-5108
4646
-5107
4746
-5107
4650
-5111
4694
-5110
4749
-5106
4660
-5106
4668
-5108
4719
-5106
4658
-5105
4657
-5105
4735
-5106
4701
-5100
4662
-5103
4663
-5103
4733
-5104
4648
-5104
4690
-5103
4729
-5103
4650
-5103
4667
-5103
4719
-5102
4690
-5101
4648
-5104
4743
-5100
4702
-5101
4653
-5099
4740
-5098
4714
-5097
4679
-5095
4641
-5094
4733
-5091
4659
-5090
4648
-5091
4740
-5090
4662
-5088
4644
-5086
4751
-5089
4660
-5086
4669
-5087
4719
-5088
4644
-5087
4697
-5087
4744
-5086
4639
-5087
4659
-5087
4733
-5085
4677
-5087
4623
-5086
4751
-5086
4698
-5085
4664
-5083
4753
-5078
4750
-5079
4638
-5079
4669
-5078
4735
-5080
4658
-5075
4666
-5074
4729
-5071
4689
-5071
4656
-5071
4752
-5070
4724
-5069
4673
-5066
4633
-5068
4727
-5068
4666
-5066
4651
-5066
4740
-5066
4656
-5066
4661
-5064
4727
-5062
4637
-5065
4661
-5066
4750
-5061
4651
-5064
4711
-5066
4753
-5063
4659
-5062
4669
-5062
4744
-5061
4688
-5061
4646
-5060
4747
-5059
4694
-5058
4646
-5058
4742
-5058
4728
-5057
4667
-5057
4623
-5055
4736
-5044
4648
-5044
4740
-5044
4628
-5045
4672
-5044
4752
-5046
4654
-5046
4681
-5044
4724
-5042
4657
-5044
4678
-5042
4743
-5040
4680
-5041
4682
-5038
4735
-5039
4684
-5035
4650
-5035
4758
-5032
4705
-5031
4668
-5029
4746
-5028
4732
-5025
4675
-5022
4651
-5022
4752
-5022
4661
-5021
4676
-5019
4713
-5020
4640
-5019
4700
-5019
4757
-5019
4666
-5019
4671
-5016
4741
-5014
4629
-5011
4695
-5010
4740
-5008
4662
-5009
4680
-5010
4747
-5010
4661
-5005
4663
-5007
4665
-5005
4710
-5007
4664
-5007
4675
-5007
4750
-5006
4654
-5007
4698
-5004
4758
-5001
4674
-5003
4660
-4999
4752
-4999
4676
-4998
4660
-4997
4720
-4996
4699
-4993
4630
-4993
4742
-4991
4732
-4994
4685
-4992
4624
-4989
4719
-4988
4648
-4987
4656
-4988
4747
-4987
4644
-4986
4661
-4988
4747
-4985
4663
-4986
4691
-4987
4736
-4984
4650
-4983
4689
-4985
4754
-4982
4637
-4980
4663
-4980
4725
-4979
4668
-4979
4672
-4974
4678
-4975
4753
-4975
4649
-4975
4664
-4974
4754
-4975
4657
-4973
4679
-4971
4745
-4973
4657
-4971
4659
-4969
4751
-4968
4681
-4969
4672
-4966
4753
-4966
4715
-4965
4674
-4964
4742
-4963
4730
-4962
4671
-4962
4656
-4961
4738
-4962
4656
-4961
4650
-4960
4745
-4959
4630
-4960
4695
-4959
4752
-4958
4652
-4957
4674
-4955
4718
-4957
4633
-4956
4690
-4954
4736
-4955
4662
-4953
4656
-4957
4729
-4955
4653
-4956
4659
-4953
4743
-4952
4752
-4950
4640
-4952
4663
-4953
4741
-4953
4642
-4953
4680
-4954
4735
-4952
4652
-4952
4661
-4953
4739
-4952
4683
-4953
4657
-4952
4739
-4951
4716
-4953
4648
-4951
4630
-4951
4735
-4951
4659
-4951
4638
-4952
4719
-4952
4673
-4952
4640
-4952
4743
-4950
4662
-4951
4658
-4950
4732
-4950
4642
-4951
4683
-4951
4744
-4951
4632
-4950
4697
-4950
4741
-4950
4661
-4950
4658
-4949
4732
-4949
4672
-4949
4655
-4948
4738
-4951
4705
-4950
4671
-4945
4689
-4946
4719
-4947
4661
-4949
4687
-4951
4720
-4949
4661
-4950
4649
-4948
4742
-4950
4686
-4949
4664
-4948
4750
-4946
4711
-4947
4651
-4947
4746
-4947
4728
-4947
4668
-4949
4660
-4948
4750
-4948
4663
-4948
4637
-4949
4740
-4949
4668
-4948
4670
-4949
4745
-4946
4661
-4946
4679
-4947
4716
-4947
4653
-4948
4674
-4949
4751
-4947
4634
-4947
4680
-4948
4743
-4947
4642
-4948
4656
-4947
4750
-4946
4668
-4948
4658
-4946
4729
-4944
4743
-4945
4654
-4944
4690
-4948
4724
-4947
4644
-4946
4694
-4947
4751
-4947
4671
-4948
4669
-4949
4737
-4948
4672
-4947
4674
-4948
4745
-4945
4707
-4948
4653
-4948
4647
-4947
4725
-4947
4661
-4946
4637
-4947
4743
-4947
4645
-4947
4663
-4947
4740
-4948
4662
-4947
4695
-4946
4719
-4945
4650
-4946
4692
-4947
4740
-4947
4638
-4948
4675
-4947
4751
-4947
4664
-4948
4657
-4946
4719
-4947
4665
-4946
4644
-4948
4734
-4946
4675
-4943
4655
-4943
4679
-4946
4744
-4946
4637
-4947
4673
-4947
4736
-4949
4647
-4945
4664
-4945
4747
-4946
4660
-4946
4662
-4947
4738
-4945
4711
-4947
4634
-4946
4636
-4947
4724
-4948
4675
-4945
4653
-4946
4741
-4947
4646
-4945
4665
-4947
4732
-4947
4659
-4947
4678
-4947
4752
-4947
4637
-4948
4690
-4947
4742
-4945
4625
-4945
4692
-4949
4740
-4946
4660
-4948
4678
-4946
4732
-4946
4670
-4946
4682
-4946
4750
-4948
4702
-4948
4644
-4944
4651
-4944
4743
-4945
4728
-4946
4661
-4947
4635
-4945
4736
-4945
4656
-4947
4653
-4946
4727
-4948
4655
-4946
4657
-4948
4720
-4947
4654
-4947
4684
-4945
4734
-4947
4653
-4946
4695
-4946
4751
-4945
4660
-4947
4663
-4946
4730
-4944
4672
-4946
4654
-4945
4719
-4946
4696
-4947
4660
-4945
4738
-4945
4714
-4946
4672
-4947
4634
-4945
4719
-4944
4653
-4946
4666
-4945
4738
-4945
4629
-4947
4659
-4947
4721
-4948
4668
-4945
4684
-4947
4720
-4944
4654
-4944
4662
-4942
4752
-4945
4651
-4946
4660
-4948
4738
-4945
4697
-4947
4678
-4947
4758
-4947
4712
-4946
4649
-4948
4631
-4945
4727
-4946
4679
-4945
4649
-4946
4733
-4946
4646
-4945
4662
-4945
4743
-4946
4653
-4947
4685
-4949
4719
-4946
4633
-4947
4708
-4947
4720
-4946
4648
-4945
4680
-4947
4743
-4947
4640
-4946
4659
-4945
4734
-4945
4687
-4945
4644
-4948
4751
-4945
4716
-4947
4643
-4947
4736
-4947
4715
-4945
4666
-4948
4633
-4944
4738
-4944
4650
-4944
4658
-4949
4737
-4948
4656
-4947
4687
-4946
4731
-4947
4658
-4946
4680
-4947
4745
-4946
4647
-4947
4702
-4949
4728
-4944
4666
-4945
4677
-4945
4721
-4946
4672
-4948
4673
-4947
4742
-4945
4697
-4947
4670
-4948
4743
-4945
4716
-4948
4671
-4946
4640
-4946
4757
-4946
4657
-4948
4668
-4947
4741
-4946
4661
-4946
4679
-4944
4736
-4946
4650
-4946
4659
-4949
4744
-4946
4624
-4945
4688
-4945
4736
-4946
4666
-4944
4662
-4945
4674
-4944
4750
-4948
4666
-4946
4674
-4946
4722
-4945
4643
-4946
4706
-4947
4744
-4945
4664
-4947
4685
-4946
4739
-4948
4670
-4946
4675
-4948
4752
-4948
4680
-4947
4656
-4946
4727
-4947
4717
-4946
4656
-4947
4641
-4947
4742
-4946
4659
-4946
4653
-4947
4747
-4946
4646
-4947
4675
-4947
4743
-4945
4667
-4947
4667
-4946
4739
-4948
4638
-4947
4692
-4946
4738
-4945
4636
-4947
4663
-4946
4750
-4946
4668
-4945
4689
-4943
4681
-4944
4747
-4945
4650
-4946
4680
-4944
4749
-4947
4634
-4946
4670
-4948
4740
-4947
4655
-4945
4666
-4945
4748
-4947
4652
-4947
4665
-4946
4750
-4946
4702
-4946
4648
-4946
4731
-4946
4700
-4947
4658
-4945
4630
-4947
4731
-4945
4673
-4947
4642
-4945
4742
-4948
4658
-4948
4639
-4947
4735
-4946
4645
-4949
4685
-4947
4747
-4946
4655
-4945
4695
-4944
4753
-4947
4652
-4947
4688
-4946
4740
-4944
4640
-4947
4683
-4945
4740
-4946
4688
-4944
4676
-4943
4663
-4945
4724
-4948
4630
-4947
4684
-4946
4753
-4947
4632
-4946
4656
-4947
4752
-4947
4679
-4947
4665
-4947
4756
-4947
4705
-4948
4658
-4946
4752
-4947
4714
-4948
4657
-4948
4632
-4946
4745
-4943
4656
-4947
4649
-4945
4749
-4946
4658
-4946
4670
-4946
4742
-4946
4670
-4947
4674
-4945
4724
-4946
4625
-4945
4700
-4947
4722
-4947
4636
-4947
4688
-4946
4745
-4947
4685
-4946
4685
-4946
4749
-4946
4714
-4945
4654
-4943
4661
-4945
4743
-4944
4657
-4947
4703
-4946
4749
-4947
4664
-4946
4657
-4947
4753
-4947
4697
-4947
4650
-4945
4727
-4947
4715
-4945
4646
-4947
4622
-4945
4743
-4945
4674
-4946
4671
-4946
4741
-4947
4646
-4946
4667
-4946
4742
-4947
4640
-4946
4670
-4947
4748
-4947
4635
-4947
4691
-4946
4743
-4947
4661
-4946
4688
-4947
4747
-4945
4647
-4945
4681
-4947
4734
-4948
4678
-4947
4662
-4945
4724
-4946
4715
-4947
4672
-4945
4643
-4947
4722
-4943
4653
-4944
4665
-4945
4757
-4946
4653
-4947
4665
-4946
4734
-4948
4692
-4948
4645
-4945
4720
-4948
4718
-4945
4659
-4948
4627
-4947
4740
-4946
4675
-4948
4661
-4944
4737
-4947
4669
-4946
4664
-4947
4738
-4947
4655
-4948
4679
-4946
4732
-4946
4670
-4946
4697
-4946
4735
-4945
4658
-4946
4660
-4947
4723
-4947
4676
-4945
4679
-4948
4746
-4946
4701
-4946
4646
-4945
4743
-4947
4687
-4946
4654
-4946
4652
-4947
4748
-4947
4669
-4945
4665
-4944
4615
-4944
4741
-4947
4675
-4947
4668
-4945
4718
-4945
4656
-4947
4665
-4947
4722
-4947
4635
-4948
4668
-4945
4739
-4945
4634
-4947
4692
-4948
4721
-4947
4654
-4946
4692
-4947
4749
-4945
4659
-4946
4667
-4946
4746
-4946
4682
-4947
4665
-4947
4750
-4947
4692
-4946
4670
-4946
4626
-4947
4749
-4946
4661
-4947
4659
-4947
4740
-4947
4656
-4949
4667
-4945
4744
-4946
4640
-4945
4656
-4947
4742
-4947
4672
-4946
4681
-4944
4745
-4944
4666
-4943
4657
-4946
4740
-4947
4690
-4945
4659
-4947
4737
-4947
4708
-4947
4662
-4946
4737
-4947
4711
-4946
4664
-4945
4641
-4947
4749
-4947
4654
-4946
4659
-4946
4751
-4949
4634
-4945
4688
-4946
4741
-4948
4647
-4949
4666
-4946
4744
-4947
4654
-4944
4686
-4947
4741
-4947
4639
-4946
4679
-4948
4738
-4946
4662
-4946
4664
-4946
4721
-4945
4710
-4946
4644
-4947
4753
-4947
4716
-4947
4676
-4947
4627
-4946
4736
-4946
4644
-4943
4665
-4945
4751
-4945
4663
-4948
4662
-4946
4747
-4947
4650
-4945
4688
-4946
4722
-4947
4635
-4946
4687
-4945
4748
-4946
4642
-4946
4679
-4947
4753
-4947
4674
-4947
4671
-4946
4735
-4946
4701
-4946
4656
-4947
4660
-4946
4734
-4947
4646
-4947
4639
-4948
4753
-4948
4668
-4947
4661
-4947
4735
-4947
4660
-4946
4684
-4946
4742
-4945
4628
-4945
4705
-4947
4740
-4946
4645
-4945
4688
-4946
4741
-4946
4657
-4946
4678
-4945
4747
-4943
4748
-4944
4629
-4945
4665
-4948
4735
-4944
4649
-4948
4705
-4946
4751
-4948
4654
-4946
4681
-4947
4742
-4947
4653
-4947
4659
-4946
4744
-4945
4660
-4947
4653
-4946
4756
-4946
4684
-4947
4677
-4947
4743
-4948
4694
-4946
4654
-4947
4633
-4945
4727
-4945
4636
-4945
4629
-4947
4736
-4946
4665
-4944
4672
-4947
4741
-4946
4653
-4946
4694
-4945
4729
-4947
4644
-4946
4673
-4946
4749
-4948
4632
-4946
4667
-4947
4749
-4946
4669
-4945
4641
-4945
4678
-4944
4743
-4947
4665
-4946
4696
-4945
4745
-4944
4649
-4948
4673
-4944
4730
-4946
4643
-4946
4662
-4948
4742
-4947
4675
-4945
4665
-4947
4756
-4947
4707
-4945
4669
-4945
4647
-4947
4723
-4946
4657
-4947
4649
-4944
4717
-4947
4650
-4945
4662
-4947
4742
-4947
4659
-4946
4669
-4946
4745
-4947
4659
-4948
4664
-4945
4728
-4946
4653
-4946
4698
-4946
4724
-4946
4678
-4945
4660
-4947
4721
-4946
4653
-4945
4655
-4945
4729
-4944
4745
-4944
4658
-4944
4664
-4945
4752
-4946
4659
-4947
4662
-4946
4745
-4947
4671
-4947
4662
-4947
4746
-4947
4704
-4945
4659
-4947
4749
-4948
4713
-4946
4674
-4947
4632
-4947
4748
-4947
4649
-4947
4668
-4946
4727
-4948
4663
-4946
4668
-4944
4750
-4948
4648
-4946
4697
-4947
4723
-4946
4659
-4948
4673
-4947
4737
-4944
4657
-4947
4698
-4946
4745
-4946
4664
-4946
4667
-4947
4724
-4946
4675
-4947
4649
-4948
4751
-4945
4708
-4943
4660
-4943
4674
-4944
4748
-4947
4665
-4946
4683
-4946
4749
-4946
4689
-4946
4663
-4945
4741
-4947
4716
-4947
4655
-4947
4633
-4946
4731
-4947
4665
-4947
4649
-4947
4737
-4947
4645
-4946
4653
-4947
4749
-4946
4665
-4945
4684
-4947
4732
-4947
4656
-4946
4676
-4946
4719
-4947
4650
-4946
4664
-4948
4750
-4945
4645
-4947
4654
-4947
4740
-4944
4681
-4945
4640
-4945
4759
-4946
4723
-4945
4642
-4946
4620
-4947
4738
-4945
4654
-4947
4667
-4943
4745
-4944
4667
-4944
4665
-4947
4735
-4947
4696
-4945
4654
-4945
4735
-4946
4699
-4947
4677
-4947
4648
-4945
4733
-4947
4672
-4947
4622
-4949
4721
-4948
4643
-4946
4642
-4946
4748
-4945
4659
-4947
4677
-4946
4755
-4947
4657
-4948
4683
-4947
4736
-4946
4645
-4947
4679
-4945
4745
-4945
4666
-4946
4678
-4947
4721
-4946
4681
-4946
4660
-4948
4753
-4947
4703
-4946
4653
-4946
4627
-4946
4748
-4947
4669
-4945
4646
-4946
4732
-4942
4731
-4943
4635
-4944
4653
-4945
4748
-4946
4642
-4946
4684
-4946
4742
-4946
4668
-4945
4694
-4946
4745
-4946
4649
-4945
4700
-4947
4733
-4947
4654
-4948
4646
-4947
4723
-4947
4678
-4946
4666
-4946
4745
-4947
4709
-4946
4655
-4948
4753
-4947
4718
-4946
4657
-4946
4630
-4946
4735
-4946
4669
-4946
4645
-4946
4738
-4946
4643
-4946
4650
-4946
4748
-4945
4648
-4947
4684
-4948
4751
-4946
4640
-4946
4689
-4946
4735
-4945
4656
-4943
4675
-4946
4750
-4945
4687
-4945
4648
-4946
4735
-4947
4737
-4946
4645
-4948
4641
-4946
4733
-4948
4674
-4947
4659
-4946
4748
-4945
4665
-4947
4659
-4946
4748
-4947
4656
-4946
4677
-4947
4744
-4946
4657
-4945
4696
-4947
4722
-4946
4645
-4946
4668
-4945
4746
-4946
4680
-4948
4662
-4947
4750
-4948
4703
-4945
4672
-4944
4758
-4947
4704
-4947
4658
-4946
4619
-4945
4751
-4946
4659
-4948
4632
-4947
4727
-4947
4649
-4945
4674
-4947
4742
-4941
4636
-4944
4676
-4945
4750
-4947
4642
-4946
4679
-4946
4749
-4947
4659
-4946
4670
-4945
4718
-4947
4691
-4946
4642
-4947
4752
-4946
4696
-4947
4658
-4947
4641
-4947
4740
-4947
4647
-4945
4668
-4945
4732
-4947
4639
-4947
4642
-4944
4750
-4947
4651
-4947
4677
-4947
4749
-4947
4639
-4945
4677
-4944
4753
-4947
4647
-4945
4690
-4946
4745
-4946
4671
-4946
4676
-4946
4741
-4947
4671
-4947
4669
-4946
4749
-4947
4718
-4946
4656
-4943
4698
-4946
4732
-4944
4636
-4947
4695
-4947
4741
-4945
4669
-4946
4677
-4944
4753
-4947
4666
-4947
4666
-4945
4748
-4946
4727
-4946
4656
-4945
4643
-4948
4740
-4947
4673
-4947
4664
-4946
4721
-4946
4657
-4947
4676
-4946
4750
-4947
4640
-4947
4670
-4947
4729
-4947
4660
-4947
4700
-4947
4751
-4948
4638
-4946
4671
-4945
4734
-4945
4665
-4946
4652
-4945
4723
-4946
4678
-4946
4682
-4945
4744
-4945
4697
-4947
4669
-4944
4746
-4947
4735
-4943
4647
-4944
4671
-4944
4745
-4947
4654
-4945
4682
-4950
4747
-4945
4676
-4946
4662
-4948
4735
-4945
4707
-4945
4659
-4947
4750
-4946
4728
-4947
4667
-4945
4645
-4948
4719
-4947
4648
-4947
4660
-4947
4740
-4947
4650
-4945
4670
-4945
4735
-4945
4636
-4947
4690
-4947
4739
-4947
4648
-4945
4710
-4946
4735
-4944
4632
-4945
4677
-4946
4742
-4949
4663
-4945
4662
-4947
4724
-4946
4700
-4947
4660
-4946
4738
-4947
4723
-4945
4657
-4944
4683
-4946
4735
-4945
4663
-4948
4674
-4946
4746
-4946
4645
-4946
4651
-4946
4752
-4945
4666
-4946
4668
-4947
4753
-4946
4717
-4945
4643
-4946
4646
-4947
4747
-4945
4667
-4947
4629
-4945
4718
-4948
4641
-4946
4658
-4945
4749
-4947
4645
-4946
4682
-4946
4721
-4946
4666
-4947
4679
-4947
4722
-4946
4654
-4947
4701
-4947
4755
-4947
4647
-4946
4655
-4948
4735
-4944
4685
-4947
4641
-4946
4752
-4946
4682
-4945
4653
-4947
4638
-4945
4717
-4944
4651
-4943
4657
-4947
4739
-4947
4671
-4948
4670
-4947
4731
-4946
4686
-4945
4666
-4944
4742
-4947
4687
-4946
4656
-4945
4639
-4946
4737
-4948
4668
-4948
4650
-4947
4743
-4946
4663
-4947
4671
-4947
4754
-4945
4662
-4947
4647
-4944
4743
-4945
4632
-4945
4669
-4945
4734
-4947
4644
-4946
4684
-4946
4737
-4947
4647
-4947
4664
-4947
4749
-4947
4694
-4945
4637
-4946
4757
-4947
4714
-4946
4655
-4946
4649
-4947
4728
-4946
4684
-4941
4656
-4943
4732
-4944
4666
-4945
4661
-4945
4736
-4946
4688
-4946
4660
-4946
4729
-4946
4700
-4945
4647
-4946
4641
-4947
4730
-4945
4640
-4948
4663
-4945
4727
-4946
4644
-4945
4675
-4948
4755
-4944
4659
-4946
4665
-4946
4738
-4946
4663
-4946
4676
-4946
4735
-4946
4646
-4947
4685
-4945
4747
-4947
4660
-4945
4650
-4947
4743
-4947
4694
-4947
4656
-4946
4728
-4945
4703
-4945
4640
-4947
4627
-4946
4737
-4946
4669
-4946
4663
-4941
4628
-4946
4711
-4945
4666
-4946
4637
-4947
4744
-4947
4673
-4947
4656
-4948
4748
-4946
4636
-4946
4656
-4947
4718
-4946
4646
-4947
4684
-4945
4735
-4947
4648
-4945
4712
-4947
4750
-4946
4659
-4947
4675
-4947
4739
-4946
4647
-4946
4655
-4944
4733
-4947
4672
-4945
4659
-4946
4719
-4947
4710
-4946
4678
-4945
4663
-4947
4716
-4945
4668
-4945
4649
-4946
4742
-4945
4656
-4946
4672
-4945
4749
-4946
4653
-4945
4705
-4946
4751
-4943
4648
-4944
4666
-4944
4747
-4946
4688
-4945
4665
-4947
4747
-4946
4674
-4947
4645
-4947
4735
-4944
4716
-4946
4672
-4945
4640
-4946
4755
-4946
4671
-4945
4646
-4946
4732
-4946
4648
-4946
4677
-4944
4746
-4947
4679
-4945
4689
-4945
4736
-4945
4620
-4946
4676
-4945
4755
-4947
4635
-4945
4665
-4947
4720
-4945
4666
-4947
4641
-4946
4749
-4946
4699
-4946
4662
-4947
4639
-4947
4713
-4945
4656
-4947
4641
-4945
4745
-4946
4662
-4948
4654
-4943
4749
-4942
4654
-4942
4674
-4945
4720
-4945
4634
-4945
4705
-4947
4727
-4945
4668
-4946
4680
-4946
4724
-4947
4674
-4945
4682
-4947
4756
-4947
4697
-4946
4656
-4946
4765
-4945
4709
-4944
4660
-4946
4649
-4947
4729
-4946
4651
-4946
4652
-4948
4734
-4946
4646
-4946
4684
-4947
4749
-4947
4665
-4948
4670
-4946
4750
-4946
4660
-4947
4694
-4946
4749
-4947
4649
-4946
4680
-4946
4751
-4947
4667
-4946
4664
-4946
4748
-4948
4696
-4944
4652
-4944
4681
-4944
4757
-4947
4636
-4945
4682
-4947
4755
-4947
4674
-4946
4672
-4946
4749
-4947
4668
-4946
4631
-4946
4718
-4946
4679
-4946
4574
-4948
4622
-4951
4726
-4949
4655
-4952
4657
-4949
4713
-4951
4643
-4952
4656
-4951
4726
-4951
4659
-4951
4672
-4953
4743
-4951
4641
-4952
4674
-4950
4743
-4952
4658
-4952
4663
-4950
4743
-4951
4657
-4952
4660
-4953
4719
-4952
4681
-4952
4640
-4951
4720
-4950
4696
-4953
4640
-4951
4637
-4946
4729
-4950
4651
-4948
4669
-4951
4749
-4951
4675
-4952
4643
-4950
4750
-4951
4704
-4952
4665
-4952
4752
-4951
4726
-4950
4650
-4951
4618
-4952
4729
-4952
4648
-4951
4637
-4952
4741
-4952
4651
-4951
4651
-4952
4734
-4953
4663
-4952
4674
-4951
4750
-4951
4619
-4952
4680
-4950
4728
-4952
4659
-4953
4680
-4950
4718
-4952
4644
-4951
4651
-4951
4749
-4952
4693
-4952
4656
-4951
4725
-4953
4711
-4950
4656
-4950
4650
-4953
4722
-4948
4650
-4948
4667
-4951
4743
-4950
4744
-4952
4740
-4952
4659
-4953
4650
-4952
4743
-4953
4660
-4951
4683
-4952
4747
-4950
4667
-4951
4697
-4953
4719
-4953
4657
-4952
4677
-4951
4716
-4952
4647
-4952
4672
-4950
4724
-4951
4668
-4951
4649
-4950
4736
-4951
4717
-4950
4671
-4953
4722
-4952
4727
-4952
4652
-4952
4657
-4953
4743
-4952
4654
-4950
4650
-4950
4742
-4951
4642
-4950
4673
-4951
4729
-4952
4655
-4951
4667
-4952
4729
-4949
4738
-4950
4665
-4948
4657
-4952
4719
-4952
4650
-4952
4662
-4952
4732
-4952
4639
-4953
4693
-4955
4716
-4952
4646
-4953
4681
-4952
4750
-4953
4639
-4952
4664
-4954
4735
-4951
4639
-4951
4658
-4952
4741
-4951
4681
-4952
4669
-4953
4719
-4950
4710
-4950
4672
-4951
4644
-4950
4745
-4950
4637
-4951
4630
-4951
4734
-4951
4650
-4950
4675
-4952
4750
-4952
4638
-4952
4657
-4952
4730
-4951
4654
-4953
4682
-4952
4738
-4950
4666
-4950
4680
-4948
4647
-4948
4745
-4948
4639
-4951
4657
-4950
4742
-4952
4639
-4953
4691
-4953
4745
-4950
4654
-4951
4666
-4953
4740
-4954
4675
-4952
4634
-4952
4743
-4952
4679
-4952
4668
-4953
4722
-4952
4707
-4951
4652
-4951
4745
-4953
4739
-4953
4658
-4952
4659
-4953
4744
-4951
4650
-4950
4643
-4950
4748
-4952
4657
-4951
4665
-4952
4740
-4950
4645
-4952
4673
-4951
4746
-4949
4647
-4950
4689
-4952
4736
-4952
4643
-4951
3945
-4952
4730
-4948
4741
-4949
4679
-4949
4663
-4953
4743
-4951
4703
-4950
4644
-4953
4630
-4953
4738
-4952
4652
-4950
4629
-4952
4717
-4952
4629
-4953
4661
-4953
4741
-4952
4642
-4951
4660
-4950
4743
-4951
4630
-4952
4692
-4952
4732
-4953
4654
-4953
4676
-4950
4751
-4953
4667
-4951
4662
-4952
4732
-4952
4691
-4952
4654
-4952
4721
-4951
4725
-4950
4662
-4953
4635
-4951
4728
-4950
4669
-4952
4635
-4952
4725
-4952
4670
-4952
4664
-4952
4744
-4951
4665
-4947
4699
-4949
4742
-4948
4627
-4952
4664
-4952
4719
-4953
4669
-4953
4655
-4951
4750
-4952
4685
-4953
4665
-4952
4751
-4953
4713
-4951
4673
-4951
4612
-4949
4738
-4950
4651
-4952
4639
-4953
4733
-4951
4646
-4952
4640
-4950
4748
-4952
4657
-4953
4684
-4951
4746
-4951
4624
-4953
4660
-4952
4748
-4952
4650
-4951
4678
-4953
4749
-4953
4665
-4951
4655
-4950
4743
-4953
4672
-4952
4655
-4953
4722
-4950
4711
-4951
4635
-4953
4608
-4948
4734
-4950
4661
-4950
4653
-4952
4746
-4951
4647
-4953
4652
-4952
4741
-4950
4647
-4951
4687
-4954
4750
-4953
4666
-4951
4685
-4951
4751
-4950
4659
-4951
4643
-4952
4738
-4952
4661
-4952
4647
-4952
4748
-4951
4674
-4952
4671
-4952
4743
-4953
4719
-4952
4644
-4953
4631
-4951
4736
-4953
4655
-4951
4636
-4951
4740
-4951
4631
-4951
4681
-4951
4739
-4952
4633
-4950
4663
-4952
4749
-4954
4656
-4952
4672
-4951
4731
-4953
4640
-4948
4674
-4949
4648
-4950
4717
-4952
4642
-4953
4654
-4952
4742
-4952
4651
-4951
4687
-4952
4738
-4952
4663
-4950
4688
-4951
4721
-4950
4641
-4953
4657
-4950
4721
-4950
4678
-4953
4672
-4953
4745
-4953
4683
-4950
4657
-4952
4750
-4953
4718
-4950
4650
-4953
4615
-4952
4735
-4953
4675
-4951
4632
-4951
4747
-4952
4648
-4952
4662
-4953
4729
-4949
4630
-4952
4685
-4952
4720
-4953
4638
-4953
4689
-4951
4741
-4952
4651
-4950
4678
-4951
4748
-4947
4720
-4950
4651
-4950
4660
-4953
4719
-4953
4640
-4952
4667
-4951
4741
-4952
4625
-4953
4689
-4950
4725
-4954
4657
-4952
4644
-4951
4744
-4952
4675
-4950
4639
-4953
4754
-4953
4682
-4951
4670
-4950
4746
-4953
4729
-4952
4670
-4953
4642
-4951
4722
-4951
4661
-4951
4640
-4950
4752
-4950
4654
-4951
4674
-4953
4746
-4951
4646
-4953
4685
-4952
4730
-4952
4656
-4952
4682
-4951
4732
-4952
4658
-4951
4691
-4952
4750
-4952
4670
-4949
4626
-4951
4647
-4949
4740
-4953
4669
-4952
4689
-4953
4729
-4953
4650
-4951
4673
-4953
4740
-4950
4652
-4954
4654
-4952
4754
-4951
4647
-4954
4632
-4952
4733
-4953
4703
-4953
4665
-4949
4751
-4950
4697
-4952
4674
-4952
4621
-4951
4733
-4950
4661
-4953
4643
-4953
4743
-4952
4655
-4951
4653
-4952
4742
-4951
4634
-4953
4675
-4951
4720
-4953
4643
-4951
4701
-4951
4752
-4951
4660
-4953
4699
-4951
4741
-4952
4668
-4952
4659
-4948
4672
-4950
4743
-4949
4662
-4952
4683
-4954
4732
-4951
4654
-4952
4655
-4954
4744
-4954
4639
-4952
4667
-4951
4751
-4952
4692
-4952
4661
-4952
4732
-4951
4719
-4951
4664
-4952
4617
-4950
4743
-4950
4665
-4951
4648
-4951
4748
-4951
4628
-4951
4682
-4952
4732
-4953
4654
-4950
4688
-4952
4746
-4953
4636
-4951
4666
-4951
4747
-4952
4648
-4952
4685
-4951
4737
-4951
4665
-4952
4652
-4952
4735
-4952
4685
-4952
4645
-4953
4736
-4951
4714
-4951
4647
-4949
4680
-4950
4725
-4952
4654
-4952
4664
-4952
4720
-4953
4676
-4952
4676
-4952
4751
-4953
4691
-4952
4686
-4951
4757
-4953
4720
-4951
4661
-4953
4625
-4952
4738
-4953
4664
-4954
4662
-4953
4746
-4952
4659
-4951
4683
-4952
4742
-4951
4645
-4952
4678
-4952
4745
-4952
4641
-4952
4697
-4951
4716
-4953
4666
-4953
4676
-4951
4750
-4951
4685
-4951
4662
-4951
4727
-4952
4710
-4953
4669
-4951
4751
-4953
4732
-4952
4647
-4949
4678
-4950
4639
-4950
4729
-4953
4660
-4951
4646
-4952
4747
-4952
4664
-4951
4655
-4952
4741
-4953
4635
-4952
4657
-4953
4743
-4953
4658
-4950
4699
-4953
4720
-4951
4659
-4952
4659
-4952
4748
-4951
4676
-4952
4647
-4953
4738
-4951
4695
-4951
4648
-4951
4746
-4952
4720
-4950
4668
-4953
4652
-4952
4720
-4952
4668
-4950
4642
-4953
4748
-4953
4624
-4952
4639
-4952
4751
-4952
4647
-4952
4699
-4951
4734
-4951
4642
-4950
4700
-4953
4737
-4947
4674
-4949
4657
-4950
4755
-4951
4704
-4952
4667
-4955
4722
-4951
4727
-4952
4651
-4951
4628
-4951
4742
-4953
4643
-4952
4649
-4953
4741
-4952
4631
-4952
4678
-4952
4719
-4951
4653
-4951
4685
-4952
4743
-4951
4642
-4951
4704
-4951
4722
-4953
4663
-4953
4654
-4953
4732
-4953
4661
-4952
4647
-4952
4719
-4952
4687
-4951
4662
-4953
4753
-4952
4718
-4952
4649
-4951
4635
-4953
4742
-4951
4625
-4953
4634
-4951
4747
-4950
4653
-4948
4697
-4949
4762
-4951
4630
-4953
4696
-4953
4755
-4953
4669
-4951
4648
-4951
4748
-4952
4685
-4953
4655
-4952
4745
-4953
4707
-4952
4649
-4950
4630
-4952
4733
-4953
4651
-4951
4664
-4953
4719
-4952
4650
-4952
4648
-4953
4742
-4952
4637
-4952
4669
-4953
4739
-4952
4662
-4951
4676
-4951
4747
-4953
4648
-4951
4666
-4953
4744
-4951
4638
-4953
4654
-4950
4732
-4953
4685
-4951
4654
-4952
4743
-4951
4695
-4953
4657
-4953
4615
-4949
4717
-4949
4655
-4948
4667
-4952
4743
-4953
4668
-4950
4644
-4951
4734
-4953
4701
-4952
4643
-4950
4744
-4951
4736
-4951
4670
-4953
4637
-4952
4736
-4953
4659
-4952
4655
-4952
4753
-4952
4645
-4952
4677
-4952
4743
-4951
4661
-4952
4683
-4952
4734
-4952
4640
-4951
4677
-4952
4739
-4952
4647
-4952
4657
-4952
4750
-4951
4663
-4952
4644
-4951
4736
-4951
4680
-4950
4650
-4952
4741
-4952
4712
-4953
4669
-4953
4652
-4950
4718
-4953
4650
-4948
4662
-4948
4746
-4949
4682
-4952
4633
-4950
4722
-4950
4710
-4954
4651
-4953
4626
-4952
4735
-4953
4653
-4952
4661
-4951
4743
-4952
4626
-4952
4660
-4952
4731
-4952
4647
-4953
4673
-4953
4743
-4952
4651
-4950
4686
-4952
4749
-4952
4632
-4952
4669
-4951
4739
-4952
4659
-4949
4664
-4953
4736
-4951
4692
-4952
4652
-4954
4745
-4952
4689
-4952
4664
-4951
4627
-4952
4730
-4951
4666
-4952
4648
-4950
4750
-4953
4665
-4951
4674
-4949
4739
-4949
4707
-4948
4666
-4951
4741
-4950
4722
-4951
4654
-4952
4651
-4952
4736
-4950
4639
-4953
4665
-4952
4737
-4951
4660
-4951
4683
-4952
4744
-4951
4649
-4952
4698
-4952
4744
-4950
4647
-4953
4676
-4953
4742
-4952
4668
-4953
4671
-4951
4739
-4951
4681
-4954
4663
-4951
4722
-4950
4717
-4952
4668
-4952
4648
-4952
4720
-4952
4669
-4951
4647
-4952
4749
-4954
4660
-4951
4670
-4952
4749
-4950
4657
-4952
4666
-4953
4755
-4951
4636
-4947
4674
-4950
4637
-4950
4735
-4952
4657
-4954
4656
-4951
4745
-4953
4662
-4951
4689
-4954
4741
-4952
4665
-4951
4698
-4952
4722
-4952
4649
-4952
4661
-4953
4719
-4950
4666
-4953
4690
-4952
4748
-4953
4661
-4951
4676
-4953
4745
-4950
4701
-4951
4660
-4951
4618
-4952
4743
-4952
4672
-4952
4624
-4951
4735
-4952
4666
-4952
4648
-4953
4731
-4953
4646
-4950
4639
-4953
4754
-4952
4648
-4952
4692
-4951
4741
-4952
4657
-4954
4657
-4948
4637
-4949
4720
-4950
4652
-4951
4685
-4950
4725
-4950
4667
-4953
4685
-4950
4750
-4952
4656
-4952
4693
-4951
4738
-4952
4637
-4953
4692
-4953
4750
-4953
4667
-4953
4648
-4951
4735
-4951
4686
-4954
4661
-4953
4746
-4952
4699
-4952
4662
-4952
4640
-4952
4741
-4953
4659
-4952
4644
-4953
4740
-4952
4634
-4953
4671
-4951
4748
-4952
4663
-4952
4684
-4952
4751
-4951
4628
-4950
4673
-4951
4733
-4951
4659
-4951
4675
-4951
4751
-4948
4749
-4951
4656
-4949
4676
-4949
4744
-4953
4665
-4952
4660
-4952
4743
-4952
4636
-4950
4676
-4951
4740
-4952
4645
-4951
4637
-4952
4743
-4951
4649
-4951
4663
-4952
4729
-4952
4685
-4951
4662
-4953
4756
-4950
4699
-4951
4643
-4952
4638
-4951
4743
-4952
4675
-4955
4642
-4953
4747
